plantID3	famID	emmean	SE	df	lower.CL	upper.CL
1	WGN07	6.49999999999917	0.429937875392738	1121	5.65642644342804	7.3435735565703
2	WGN07	5.99999999999976	0.429937875392856	1121	5.1564264434284	6.84357355657112
3	WGN07	6.49999999999968	0.429937875392861	1121	5.65642644342831	7.34357355657104
4	WGN07	4.99999999999955	0.429937875392884	1121	4.15642644342814	5.84357355657096
5	WGN07	7.99999999999985	0.429937875392884	1121	7.15642644342844	8.84357355657126
6	WGN07	4.99999999999992	0.429937875392876	1121	4.15642644342852	5.84357355657131
7	WGN07	5.99999999999997	0.42993787539287	1121	5.15642644342858	6.84357355657135
8	WGN07	7.49999999999993	0.429937875392873	1121	6.65642644342854	8.34357355657132
9	WGN07	8.99999999999993	0.429937875392874	1121	8.15642644342853	9.84357355657132
10	WGN07	5.4999999999999	0.429937875392876	1121	4.6564264434285	6.3435735565713
11	WGN07	5.99999999999989	0.42993787539288	1121	5.15642644342849	6.8435735565713
12	WGN07	6.00000000000001	0.429937875392887	1121	5.15642644342859	6.84357355657143
13	WGN07	7.99999999999985	0.42993787539288	1121	7.15642644342844	8.84357355657125
14	WGN07	5.99999999999993	0.429937875392873	1121	5.15642644342853	6.84357355657132
15	WGN07	7.49999999999987	0.429937875392875	1121	6.65642644342848	8.34357355657127
16	WGN07	6.4999999999999	0.429937875392879	1121	5.6564264434285	7.34357355657131
17	WGN07	8.99999999999994	0.429937875392877	1121	8.15642644342854	9.84357355657134
18	WGN07	7.49999999999996	0.429937875392876	1121	6.65642644342857	8.34357355657136
20	WGN07	5.49999999999992	0.429937875392879	1121	4.65642644342852	6.34357355657133
21	WGN07	9.49999999999992	0.429937875392871	1121	8.65642644342853	10.3435735565713
22	WGN07	6.4999999999999	0.429937875392871	1121	5.65642644342851	7.34357355657129
23	WGN07	7.9999999999998	0.429937875392868	1121	7.15642644342841	8.84357355657118
24	WGN07	8.49999999999988	0.429937875392882	1121	7.65642644342847	9.34357355657129
25	WGN07	6.49999999999988	0.429937875392871	1121	5.65642644342849	7.34357355657127
26	WGN07	7.99999999999993	0.42993787539287	1121	7.15642644342854	8.84357355657132
27	WGN07	7.99999999999996	0.429937875392892	1121	7.15642644342853	8.84357355657139
28	WGN07	6.99999999999989	0.429937875392882	1121	6.15642644342848	7.8435735565713
29	WGN07	6.49999999999993	0.429937875392872	1121	5.65642644342854	7.34357355657132
30	WGN07	7.99999999999975	0.429937875392872	1121	7.15642644342836	8.84357355657114
31	WGN07	6.99999999999991	0.429937875392871	1121	6.15642644342853	7.8435735565713
32	WGN07	7.99999999999985	0.429937875392869	1121	7.15642644342847	8.84357355657124
33	WGN07	5.99999999999996	0.429937875392866	1121	5.15642644342858	6.84357355657133
34	WGN07	7.9999999999999	0.429937875392875	1121	7.1564264434285	8.84357355657129
35	WGN07	5.99999999999992	0.429937875392875	1121	5.15642644342852	6.84357355657131
36	WGN07	5.49999999999988	0.429937875392867	1121	4.6564264434285	6.34357355657127
37	WGN07	6.99999999999992	0.429937875392874	1121	6.15642644342852	7.84357355657131
38	WGN07	7.49999999999986	0.429937875392877	1121	6.65642644342846	8.34357355657126
39	WGN07	8.49999999999985	0.429937875392869	1121	7.65642644342846	9.34357355657123
40	WGN07	6.49999999999992	0.429937875392868	1121	5.65642644342854	7.3435735565713
41	WGN07	7.9999999999999	0.429937875392877	1121	7.1564264434285	8.8435735565713
42	WGN07	7.99999999999991	0.429937875392883	1121	7.1564264434285	8.84357355657132
44	WGN07	5.99999999999991	0.429937875392873	1121	5.15642644342851	6.8435735565713
46	WGN07	6.4999999999999	0.429937875392872	1121	5.65642644342851	7.34357355657129
47	WGN07	6.9999999999999	0.429937875392886	1121	6.15642644342848	7.84357355657132
48	WGN07	5.99999999999989	0.429937875392874	1121	5.15642644342849	6.84357355657128
49	WGN07	6.49999999999987	0.429937875392869	1121	5.65642644342849	7.34357355657126
50	WGN07	7.99999999999986	0.42993787539287	1121	7.15642644342848	8.84357355657125
51	WGN07	7.49999999999992	0.429937875392881	1121	6.65642644342851	8.34357355657133
52	WGN07	6.49999999999992	0.429937875392872	1121	5.65642644342853	7.34357355657131
53	WGN07	7.49999999999994	0.429937875392881	1121	6.65642644342854	8.34357355657135
54	WGN07	6.49999999999985	0.429937875392872	1121	5.65642644342846	7.34357355657124
55	WGN07	5.99999999999994	0.429937875392871	1121	5.15642644342856	6.84357355657133
56	WGN07	4.89750445632783	0.608159436981165	1121	3.70424550293169	6.09076340972396
57	WGN07	6.49999999999984	0.429937875392888	1121	5.65642644342842	7.34357355657126
58	WGN07	5.49999999999992	0.429937875392873	1121	4.65642644342853	6.34357355657131
59	WGN07	7.9999999999999	0.429937875392876	1121	7.1564264434285	8.84357355657129
60	WGN07	6.99999999999988	0.429937875392872	1121	6.15642644342849	7.84357355657127
61	WGN07	7.49999999999987	0.429937875392878	1121	6.65642644342847	8.34357355657127
63	WGN07	6.99999999999995	0.429937875392881	1121	6.15642644342854	7.84357355657135
64	WGN07	6.99999999999991	0.429937875392885	1121	6.1564264434285	7.84357355657133
66	WGN07	6.49999999999987	0.429937875392881	1121	5.65642644342846	7.34357355657128
67	WGN07	5.49999999999996	0.429937875392877	1121	4.65642644342856	6.34357355657136
68	WGN07	7.49999999999989	0.429937875392873	1121	6.6564264434285	8.34357355657128
69	WGN07	8.10249554367197	0.60815943698117	1121	6.90923659027582	9.29575449706811
71	WGN07	7.49999999999991	0.429937875392891	1121	6.65642644342849	8.34357355657134
73	WGN07	6.99999999999991	0.429937875392877	1121	6.15642644342851	7.84357355657131
74	WGN07	8.99999999999996	0.429937875392879	1121	8.15642644342855	9.84357355657136
75	WGN07	5.49999999999985	0.429937875392875	1121	4.65642644342846	6.34357355657125
76	WGN07	5.49999999999993	0.429937875392875	1121	4.65642644342853	6.34357355657132
77	WGN07	7.49999999999983	0.429937875392879	1121	6.65642644342843	8.34357355657123
78	WGN07	6.9999999999999	0.429937875392884	1121	6.15642644342849	7.84357355657132
79	WGN07	8.49999999999991	0.42993787539287	1121	7.65642644342852	9.34357355657129
80	WGN07	5.49999999999991	0.429937875392868	1121	4.65642644342853	6.34357355657129
81	WGN07	5.99999999999988	0.429937875392872	1121	5.15642644342849	6.84357355657127
82	WGN07	7.49999999999996	0.429937875392886	1121	6.65642644342854	8.34357355657138
83	WGN07	7.49999999999989	0.429937875392877	1121	6.65642644342849	8.34357355657129
84	WGN07	5.99999999999989	0.42993787539288	1121	5.15642644342849	6.8435735565713
85	WGN07	6.99999999999992	0.429937875392878	1121	6.15642644342852	7.84357355657132
86	WGN07	7.99999999999989	0.429937875392873	1121	7.1564264434285	8.84357355657128
87	WGN07	6.99999999999993	0.429937875392881	1121	6.15642644342852	7.84357355657133
88	WGN07	7.99999999999987	0.429937875392879	1121	7.15642644342847	8.84357355657127
89	WGN07	5.9999999999999	0.429937875392894	1121	5.15642644342846	6.84357355657133
90	WGN07	5.99999999999987	0.429937875392872	1121	5.15642644342848	6.84357355657125
91	WGN07	7.49999999999992	0.429937875392877	1121	6.65642644342852	8.34357355657132
92	WGN07	5.8975044563279	0.608159436981167	1121	4.70424550293176	7.09076340972403
93	WGN07	7.49999999999988	0.429937875392884	1121	6.65642644342847	8.3435735565713
94	WGN07	7.49999999999998	0.429937875392871	1121	6.65642644342859	8.34357355657137
95	WGN07	6.99999999999991	0.429937875392873	1121	6.15642644342852	7.8435735565713
96	WGN07	6.49999999999994	0.429937875392873	1121	5.65642644342855	7.34357355657134
97	WGN07	10.1024955436719	0.608159436981173	1121	8.90923659027571	11.295754497068
98	WGN07	7.99999999999992	0.429937875392882	1121	7.15642644342851	8.84357355657133
99	WGN07	6.99999999999991	0.429937875392876	1121	6.15642644342851	7.84357355657131
100	WGN07	5.99999999999994	0.429937875392866	1121	5.15642644342857	6.84357355657132
101	WGN07	6.99999999999997	0.429937875392888	1121	6.15642644342855	7.84357355657139
102	WGN07	5.99999999999992	0.429937875392874	1121	5.15642644342852	6.84357355657131
103	WGN07	6.49999999999992	0.429937875392881	1121	5.65642644342851	7.34357355657133
104	WGN07	6.9999999999999	0.429937875392881	1121	6.1564264434285	7.84357355657131
105	WGN07	8.49999999999989	0.429937875392877	1121	7.65642644342849	9.34357355657129
106	WGN07	6.99999999999987	0.429937875392865	1121	6.1564264434285	7.84357355657125
107	WGN07	6.99999999999992	0.429937875392872	1121	6.15642644342853	7.84357355657131
108	WGN07	6.4999999999999	0.42993787539288	1121	5.65642644342849	7.3435735565713
109	WGN07	5.89750445632789	0.608159436981175	1121	4.70424550293174	7.09076340972404
110	WGN07	7.49999999999994	0.429937875392893	1121	6.6564264434285	8.34357355657137
112	WGN07	7.99999999999995	0.429937875392886	1121	7.15642644342853	8.84357355657137
113	WGN07	5.99999999999992	0.429937875392871	1121	5.15642644342853	6.84357355657131
114	WGN07	5.49999999999994	0.429937875392868	1121	4.65642644342856	6.34357355657132
115	WGN07	6.49999999999993	0.42993787539288	1121	5.65642644342852	7.34357355657133
116	WGN07	8.50000000000001	0.429937875392893	1121	7.65642644342858	9.34357355657144
117	WGN07	7.49999999999991	0.429937875392868	1121	6.65642644342853	8.34357355657129
118	WGN07	6.9999999999999	0.429937875392871	1121	6.15642644342851	7.84357355657129
119	WGN07	7.4999999999999	0.429937875392883	1121	6.65642644342849	8.34357355657131
120	WGN07	6.99999999999992	0.429937875392879	1121	6.15642644342851	7.84357355657132
121	WGN07	5.9999999999999	0.429937875392877	1121	5.1564264434285	6.8435735565713
122	WGN07	6.10249554367184	0.608159436981161	1121	4.90923659027572	7.29575449706797
123	WGN07	6.4999999999999	0.429937875392873	1121	5.65642644342851	7.34357355657129
124	WGN07	7.99999999999997	0.429937875392881	1121	7.15642644342857	8.84357355657138
125	WGN07	5.9999999999999	0.429937875392882	1121	5.15642644342849	6.84357355657131
126	WGN07	5.4999999999999	0.429937875392873	1121	4.65642644342851	6.34357355657129
127	WGN07	6.9999999999999	0.429937875392874	1121	6.15642644342851	7.84357355657129
128	WGN07	5.99999999999996	0.429937875392875	1121	5.15642644342856	6.84357355657136
129	WGN07	7.49999999999994	0.429937875392882	1121	6.65642644342853	8.34357355657135
130	WGN07	5.99999999999989	0.429937875392885	1121	5.15642644342848	6.84357355657131
1	WGN15	5.99999999999972	0.429937875392849	1121	5.15642644342838	6.84357355657107
2	WGN15	4.99999999999992	0.429937875392881	1121	4.15642644342851	5.84357355657132
3	WGN15	5.99999999999993	0.429937875392878	1121	5.15642644342853	6.84357355657133
4	WGN15	5.99999999999995	0.429937875392874	1121	5.15642644342856	6.84357355657134
5	WGN15	6.49999999999994	0.429937875392879	1121	5.65642644342853	7.34357355657134
7	WGN15	5.4999999999999	0.429937875392888	1121	4.65642644342848	6.34357355657132
8	WGN15	5.99999999999997	0.429937875392883	1121	5.15642644342855	6.84357355657138
9	WGN15	6.49999999999993	0.429937875392884	1121	5.65642644342852	7.34357355657135
10	WGN15	5.99999999999993	0.429937875392867	1121	5.15642644342855	6.84357355657131
11	WGN15	5.99999999999992	0.429937875392881	1121	5.15642644342852	6.84357355657133
12	WGN15	5.99999999999994	0.429937875392865	1121	5.15642644342856	6.84357355657131
13	WGN15	5.99999999999992	0.429937875392875	1121	5.15642644342853	6.84357355657132
14	WGN15	5.99999999999993	0.429937875392863	1121	5.15642644342856	6.8435735565713
15	WGN15	5.49999999999991	0.429937875392869	1121	4.65642644342853	6.3435735565713
16	WGN15	5.99999999999992	0.42993787539288	1121	5.15642644342851	6.84357355657132
17	WGN15	5.99999999999994	0.429937875392884	1121	5.15642644342853	6.84357355657136
18	WGN15	5.99999999999992	0.429937875392887	1121	5.1564264434285	6.84357355657133
19	WGN15	6.49999999999993	0.429937875392879	1121	5.65642644342853	7.34357355657134
20	WGN15	5.99999999999994	0.429937875392883	1121	5.15642644342852	6.84357355657135
21	WGN15	5.99999999999993	0.429937875392869	1121	5.15642644342855	6.84357355657132
22	WGN15	5.99999999999992	0.429937875392887	1121	5.1564264434285	6.84357355657134
23	WGN15	8.49999999999989	0.429937875392876	1121	7.6564264434285	9.34357355657129
24	WGN15	5.99999999999993	0.429937875392876	1121	5.15642644342853	6.84357355657133
25	WGN15	6.99999999999995	0.429937875392881	1121	6.15642644342855	7.84357355657136
26	WGN15	4.9999999999999	0.429937875392881	1121	4.1564264434285	5.84357355657131
27	WGN15	5.99999999999993	0.429937875392873	1121	5.15642644342853	6.84357355657132
28	WGN15	6.99999999999996	0.429937875392884	1121	6.15642644342854	7.84357355657137
29	WGN15	6.99999999999995	0.429937875392879	1121	6.15642644342855	7.84357355657136
30	WGN15	5.99999999999994	0.429937875392873	1121	5.15642644342854	6.84357355657133
31	WGN15	5.99999999999991	0.429937875392877	1121	5.15642644342851	6.84357355657131
32	WGN15	5.99999999999993	0.429937875392875	1121	5.15642644342853	6.84357355657132
33	WGN15	5.49999999999992	0.429937875392881	1121	4.65642644342851	6.34357355657133
34	WGN15	5.99999999999993	0.429937875392877	1121	5.15642644342853	6.84357355657133
35	WGN15	6.99999999999993	0.429937875392877	1121	6.15642644342853	7.84357355657133
36	WGN15	5.99999999999997	0.42993787539287	1121	5.15642644342859	6.84357355657136
37	WGN15	5.99999999999991	0.429937875392872	1121	5.15642644342852	6.8435735565713
38	WGN15	5.99999999999995	0.429937875392877	1121	5.15642644342855	6.84357355657135
39	WGN15	5.99999999999994	0.429937875392877	1121	5.15642644342854	6.84357355657134
40	WGN15	5.99999999999996	0.429937875392885	1121	5.15642644342854	6.84357355657137
41	WGN15	5.99999999999992	0.429937875392883	1121	5.15642644342851	6.84357355657133
43	WGN15	6.49999999999991	0.429937875392885	1121	5.6564264434285	7.34357355657133
44	WGN15	5.99999999999993	0.429937875392878	1121	5.15642644342852	6.84357355657133
45	WGN15	5.99999999999998	0.429937875392867	1121	5.1564264434286	6.84357355657136
46	WGN15	5.99999999999991	0.42993787539289	1121	5.15642644342848	6.84357355657133
47	WGN15	5.99999999999992	0.429937875392873	1121	5.15642644342853	6.84357355657131
48	WGN15	5.49999999999994	0.429937875392872	1121	4.65642644342855	6.34357355657133
50	WGN15	6.99999999999989	0.429937875392874	1121	6.15642644342849	7.84357355657128
51	WGN15	5.49999999999993	0.429937875392868	1121	4.65642644342854	6.34357355657131
52	WGN15	5.49999999999995	0.429937875392876	1121	4.65642644342855	6.34357355657134
53	WGN15	5.99999999999996	0.429937875392882	1121	5.15642644342855	6.84357355657137
54	WGN15	5.99999999999992	0.429937875392877	1121	5.15642644342852	6.84357355657132
55	WGN15	5.99999999999991	0.429937875392871	1121	5.15642644342852	6.84357355657129
56	WGN15	5.99999999999993	0.429937875392873	1121	5.15642644342854	6.84357355657132
57	WGN15	5.99999999999993	0.429937875392872	1121	5.15642644342854	6.84357355657132
58	WGN15	5.99999999999991	0.429937875392891	1121	5.15642644342848	6.84357355657133
59	WGN15	5.49999999999994	0.429937875392883	1121	4.65642644342853	6.34357355657135
60	WGN15	6.49999999999993	0.429937875392881	1121	5.65642644342852	7.34357355657134
61	WGN15	6.99999999999997	0.429937875392875	1121	6.15642644342858	7.84357355657137
62	WGN15	5.99999999999994	0.429937875392877	1121	5.15642644342854	6.84357355657134
63	WGN15	5.99999999999992	0.429937875392881	1121	5.15642644342852	6.84357355657133
64	WGN15	5.4999999999999	0.429937875392879	1121	4.6564264434285	6.34357355657131
65	WGN15	5.99999999999995	0.429937875392876	1121	5.15642644342855	6.84357355657135
66	WGN15	5.50000000000003	0.429937875392878	1121	4.65642644342862	6.34357355657143
67	WGN15	5.99999999999989	0.42993787539288	1121	5.15642644342849	6.8435735565713
68	WGN15	5.49999999999995	0.429937875392877	1121	4.65642644342855	6.34357355657135
69	WGN15	5.99999999999991	0.429937875392876	1121	5.15642644342851	6.84357355657131
70	WGN15	5.49999999999994	0.429937875392875	1121	4.65642644342854	6.34357355657133
71	WGN15	5.99999999999993	0.429937875392874	1121	5.15642644342853	6.84357355657132
72	WGN15	5.99999999999996	0.429937875392879	1121	5.15642644342856	6.84357355657136
73	WGN15	5.99999999999991	0.429937875392869	1121	5.15642644342853	6.8435735565713
74	WGN15	5.99999999999994	0.429937875392872	1121	5.15642644342855	6.84357355657133
75	WGN15	5.99999999999989	0.429937875392875	1121	5.15642644342849	6.84357355657129
77	WGN15	5.49999999999994	0.429937875392881	1121	4.65642644342853	6.34357355657135
78	WGN15	5.99999999999996	0.429937875392881	1121	5.15642644342855	6.84357355657137
79	WGN15	4.99999999999996	0.429937875392871	1121	4.15642644342857	5.84357355657135
80	WGN15	5.99999999999993	0.429937875392876	1121	5.15642644342853	6.84357355657133
81	WGN15	5.49999999999992	0.429937875392878	1121	4.65642644342852	6.34357355657132
82	WGN15	5.99999999999991	0.429937875392881	1121	5.15642644342851	6.84357355657132
83	WGN15	5.99999999999995	0.42993787539288	1121	5.15642644342855	6.84357355657136
84	WGN15	7.49999999999991	0.429937875392873	1121	6.65642644342852	8.3435735565713
85	WGN15	6.49999999999988	0.429937875392875	1121	5.65642644342849	7.34357355657128
86	WGN15	5.99999999999991	0.429937875392875	1121	5.15642644342851	6.84357355657131
87	WGN15	5.99999999999993	0.429937875392873	1121	5.15642644342854	6.84357355657133
88	WGN15	5.99999999999993	0.429937875392873	1121	5.15642644342854	6.84357355657132
89	WGN15	5.99999999999993	0.429937875392877	1121	5.15642644342853	6.84357355657133
90	WGN15	7.49999999999999	0.429937875392873	1121	6.6564264434286	8.34357355657138
91	WGN15	5.99999999999993	0.429937875392873	1121	5.15642644342853	6.84357355657132
92	WGN15	5.99999999999992	0.429937875392885	1121	5.1564264434285	6.84357355657134
93	WGN15	5.99999999999995	0.429937875392881	1121	5.15642644342854	6.84357355657136
94	WGN15	5.99999999999994	0.429937875392876	1121	5.15642644342854	6.84357355657134
95	WGN15	5.99999999999993	0.429937875392865	1121	5.15642644342855	6.84357355657131
96	WGN15	5.10249554367195	0.608159436981157	1121	3.90923659027583	6.29575449706806
97	WGN15	5.49999999999993	0.429937875392876	1121	4.65642644342853	6.34357355657133
98	WGN15	5.99999999999991	0.429937875392885	1121	5.1564264434285	6.84357355657133
99	WGN15	8.99999999999991	0.429937875392879	1121	8.15642644342851	9.84357355657131
100	WGN15	5.99999999999993	0.429937875392875	1121	5.15642644342854	6.84357355657133
101	WGN15	5.99999999999994	0.429937875392877	1121	5.15642644342854	6.84357355657134
102	WGN15	5.99999999999993	0.429937875392877	1121	5.15642644342853	6.84357355657133
103	WGN15	5.99999999999994	0.429937875392877	1121	5.15642644342854	6.84357355657134
104	WGN15	5.49999999999992	0.429937875392877	1121	4.65642644342852	6.34357355657132
106	WGN15	5.99999999999987	0.42993787539289	1121	5.15642644342844	6.8435735565713
107	WGN15	5.99999999999992	0.429937875392874	1121	5.15642644342853	6.84357355657132
108	WGN15	5.99999999999993	0.429937875392876	1121	5.15642644342853	6.84357355657133
109	WGN15	6.99999999999994	0.429937875392873	1121	6.15642644342855	7.84357355657133
110	WGN15	5.99999999999995	0.429937875392879	1121	5.15642644342855	6.84357355657135
111	WGN15	5.99999999999992	0.429937875392877	1121	5.15642644342852	6.84357355657132
112	WGN15	5.99999999999989	0.42993787539288	1121	5.15642644342849	6.8435735565713
113	WGN15	5.99999999999993	0.429937875392876	1121	5.15642644342853	6.84357355657133
114	WGN15	5.99999999999992	0.429937875392868	1121	5.15642644342853	6.8435735565713
115	WGN15	5.99999999999994	0.429937875392877	1121	5.15642644342854	6.84357355657133
116	WGN15	5.99999999999995	0.42993787539288	1121	5.15642644342855	6.84357355657136
117	WGN15	6.99999999999992	0.429937875392876	1121	6.15642644342852	7.84357355657132
118	WGN15	5.99999999999993	0.429937875392875	1121	5.15642644342853	6.84357355657133
119	WGN15	5.99999999999993	0.429937875392875	1121	5.15642644342853	6.84357355657132
120	WGN15	5.99999999999991	0.429937875392877	1121	5.15642644342851	6.84357355657131
121	WGN15	5.49999999999993	0.429937875392875	1121	4.65642644342854	6.34357355657133
122	WGN15	5.99999999999992	0.429937875392877	1121	5.15642644342852	6.84357355657132
123	WGN15	5.99999999999989	0.429937875392874	1121	5.15642644342849	6.84357355657128
124	WGN15	5.99999999999993	0.429937875392879	1121	5.15642644342853	6.84357355657133
125	WGN15	5.99999999999995	0.429937875392882	1121	5.15642644342854	6.84357355657136
126	WGN15	5.99999999999991	0.429937875392882	1121	5.1564264434285	6.84357355657132
127	WGN15	5.99999999999991	0.429937875392877	1121	5.15642644342851	6.84357355657131
128	WGN15	6.99999999999993	0.429937875392881	1121	6.15642644342852	7.84357355657133
129	WGN15	5.99999999999992	0.429937875392879	1121	5.15642644342852	6.84357355657133
130	WGN15	5.99999999999993	0.429937875392873	1121	5.15642644342854	6.84357355657132
1	WGN26	4.99999999999995	0.429937875392876	1121	4.15642644342856	5.84357355657135
3	WGN26	6.49999999999986	0.429937875392866	1121	5.65642644342849	7.34357355657124
4	WGN26	5.99999999999996	0.429937875392878	1121	5.15642644342856	6.84357355657136
5	WGN26	6.99999999999997	0.429937875392878	1121	6.15642644342857	7.84357355657137
6	WGN26	6	0.429937875392883	1121	5.15642644342858	6.84357355657141
7	WGN26	6.00000000000001	0.429937875392882	1121	5.1564264434286	6.84357355657142
8	WGN26	5.99999999999997	0.429937875392878	1121	5.15642644342856	6.84357355657137
9	WGN26	5.49999999999995	0.429937875392868	1121	4.65642644342856	6.34357355657133
10	WGN26	6.00000000000001	0.429937875392882	1121	5.1564264434286	6.84357355657142
11	WGN26	6.49999999999996	0.429937875392876	1121	5.65642644342856	7.34357355657136
12	WGN26	5.99999999999996	0.429937875392874	1121	5.15642644342857	6.84357355657136
13	WGN26	5.99999999999995	0.429937875392872	1121	5.15642644342856	6.84357355657134
14	WGN26	5.49999999999997	0.429937875392877	1121	4.65642644342857	6.34357355657137
15	WGN26	7.49999999999996	0.429937875392874	1121	6.65642644342857	8.34357355657136
17	WGN26	6.49999999999997	0.429937875392873	1121	5.65642644342858	7.34357355657136
18	WGN26	7.99999999999994	0.429937875392875	1121	7.15642644342854	8.84357355657134
19	WGN26	7.00000000000001	0.429937875392882	1121	6.1564264434286	7.84357355657142
20	WGN26	6.10249554367192	0.608159436981143	1121	4.90923659027583	7.29575449706801
21	WGN26	6.00000000000002	0.429937875392884	1121	5.15642644342861	6.84357355657143
22	WGN26	6.49999999999997	0.429937875392873	1121	5.65642644342858	7.34357355657136
23	WGN26	6.99999999999999	0.429937875392876	1121	6.1564264434286	7.84357355657139
24	WGN26	5.99999999999993	0.42993787539287	1121	5.15642644342855	6.84357355657132
25	WGN26	5.99999999999999	0.429937875392879	1121	5.15642644342858	6.84357355657139
26	WGN26	5.99999999999998	0.429937875392878	1121	5.15642644342858	6.84357355657138
27	WGN26	5	0.429937875392869	1121	4.15642644342861	5.84357355657138
28	WGN26	5.99999999999996	0.429937875392878	1121	5.15642644342856	6.84357355657136
29	WGN26	5.99999999999997	0.42993787539287	1121	5.15642644342858	6.84357355657136
30	WGN26	6.49999999999999	0.429937875392878	1121	5.65642644342859	7.3435735565714
31	WGN26	7.49999999999997	0.429937875392875	1121	6.65642644342858	8.34357355657137
32	WGN26	5.99999999999999	0.429937875392882	1121	5.15642644342858	6.8435735565714
33	WGN26	5.89750445632797	0.608159436981161	1121	4.70424550293185	7.0907634097241
34	WGN26	7.5	0.429937875392878	1121	6.6564264434286	8.3435735565714
35	WGN26	6.50000000000003	0.429937875392878	1121	5.65642644342863	7.34357355657143
36	WGN26	6.49999999999997	0.429937875392874	1121	5.65642644342857	7.34357355657136
38	WGN26	6	0.42993787539288	1121	5.1564264434286	6.84357355657141
39	WGN26	7.00000000000001	0.429937875392876	1121	6.15642644342862	7.84357355657141
40	WGN26	5.99999999999998	0.429937875392881	1121	5.15642644342858	6.84357355657139
41	WGN26	5.99999999999999	0.429937875392875	1121	5.15642644342859	6.84357355657138
42	WGN26	7.99999999999997	0.429937875392877	1121	7.15642644342857	8.84357355657137
43	WGN26	6.49999999999998	0.429937875392881	1121	5.65642644342857	7.34357355657138
44	WGN26	7.99999999999994	0.429937875392873	1121	7.15642644342855	8.84357355657133
45	WGN26	5.99999999999997	0.429937875392874	1121	5.15642644342858	6.84357355657137
46	WGN26	5.99999999999996	0.429937875392871	1121	5.15642644342857	6.84357355657134
47	WGN26	5.49999999999999	0.429937875392884	1121	4.65642644342858	6.34357355657141
48	WGN26	6	0.429937875392878	1121	5.1564264434286	6.84357355657141
49	WGN26	6.00000000000001	0.429937875392879	1121	5.15642644342861	6.84357355657141
50	WGN26	8	0.429937875392878	1121	7.1564264434286	8.8435735565714
51	WGN26	6.99999999999992	0.429937875392871	1121	6.15642644342854	7.84357355657131
52	WGN26	6.49999999999999	0.42993787539288	1121	5.65642644342859	7.3435735565714
53	WGN26	5.99999999999999	0.429937875392876	1121	5.1564264434286	6.84357355657139
54	WGN26	6.00000000000001	0.429937875392878	1121	5.15642644342861	6.84357355657141
55	WGN26	7.99999999999996	0.429937875392875	1121	7.15642644342856	8.84357355657136
56	WGN26	5.99999999999997	0.429937875392876	1121	5.15642644342857	6.84357355657137
57	WGN26	5.99999999999999	0.429937875392877	1121	5.15642644342859	6.84357355657139
58	WGN26	5.99999999999998	0.429937875392877	1121	5.15642644342859	6.84357355657138
59	WGN26	6.897504456328	0.608159436981168	1121	5.70424550293186	8.09076340972414
60	WGN26	6.49999999999996	0.429937875392874	1121	5.65642644342856	7.34357355657135
61	WGN26	6.10249554367196	0.608159436981164	1121	4.90923659027583	7.2957544970681
62	WGN26	6	0.429937875392879	1121	5.15642644342859	6.8435735565714
64	WGN26	5.99999999999996	0.429937875392872	1121	5.15642644342857	6.84357355657135
65	WGN26	4.89750445632796	0.608159436981154	1121	3.70424550293185	6.09076340972407
66	WGN26	5.99999999999997	0.429937875392878	1121	5.15642644342856	6.84357355657137
67	WGN26	5.50000000000001	0.429937875392874	1121	4.65642644342862	6.3435735565714
68	WGN26	6.00000000000004	0.429937875392888	1121	5.15642644342862	6.84357355657146
69	WGN26	6.49999999999999	0.429937875392879	1121	5.65642644342859	7.34357355657139
70	WGN26	6.50000000000002	0.429937875392877	1121	5.65642644342861	7.34357355657142
71	WGN26	5.5	0.429937875392882	1121	4.65642644342859	6.34357355657141
72	WGN26	5.99999999999996	0.429937875392878	1121	5.15642644342856	6.84357355657137
73	WGN26	6.49999999999997	0.429937875392875	1121	5.65642644342858	7.34357355657137
74	WGN26	5.99999999999999	0.42993787539288	1121	5.15642644342859	6.8435735565714
75	WGN26	6.99999999999999	0.429937875392875	1121	6.15642644342859	7.84357355657138
76	WGN26	6.10249554367196	0.608159436981159	1121	4.90923659027584	7.29575449706808
77	WGN26	5.99999999999996	0.429937875392872	1121	5.15642644342857	6.84357355657135
78	WGN26	6.99999999999994	0.42993787539287	1121	6.15642644342855	7.84357355657132
79	WGN26	6.49999999999995	0.429937875392873	1121	5.65642644342855	7.34357355657134
80	WGN26	5.99999999999999	0.429937875392876	1121	5.15642644342859	6.84357355657139
81	WGN26	6	0.429937875392874	1121	5.1564264434286	6.84357355657139
82	WGN26	6.49999999999998	0.429937875392878	1121	5.65642644342858	7.34357355657138
83	WGN26	5.99999999999995	0.429937875392876	1121	5.15642644342855	6.84357355657135
85	WGN26	6.49999999999998	0.429937875392875	1121	5.65642644342858	7.34357355657137
86	WGN26	4.99999999999998	0.429937875392875	1121	4.15642644342858	5.84357355657137
87	WGN26	7.49999999999995	0.429937875392872	1121	6.65642644342856	8.34357355657134
88	WGN26	4.99999999999999	0.429937875392879	1121	4.15642644342859	5.84357355657139
89	WGN26	8.00000000000002	0.429937875392878	1121	7.15642644342862	8.84357355657142
90	WGN26	6.00000000000002	0.42993787539288	1121	5.15642644342862	6.84357355657143
91	WGN26	5.99999999999997	0.429937875392875	1121	5.15642644342858	6.84357355657137
92	WGN26	5.99999999999997	0.429937875392881	1121	5.15642644342856	6.84357355657138
93	WGN26	5.99999999999998	0.429937875392875	1121	5.15642644342858	6.84357355657137
94	WGN26	6.49999999999996	0.429937875392873	1121	5.65642644342856	7.34357355657135
95	WGN26	6.49999999999996	0.429937875392877	1121	5.65642644342856	7.34357355657136
96	WGN26	5.49999999999997	0.429937875392875	1121	4.65642644342858	6.34357355657137
97	WGN26	5.99999999999997	0.429937875392875	1121	5.15642644342858	6.84357355657137
98	WGN26	5	0.429937875392873	1121	4.15642644342861	5.84357355657139
99	WGN26	5.99999999999996	0.429937875392881	1121	5.15642644342855	6.84357355657137
100	WGN26	5.99999999999999	0.429937875392876	1121	5.15642644342859	6.84357355657139
101	WGN26	5.49999999999998	0.429937875392875	1121	4.65642644342858	6.34357355657137
102	WGN26	5.5	0.42993787539288	1121	4.65642644342859	6.3435735565714
103	WGN26	5.99999999999995	0.429937875392879	1121	5.15642644342855	6.84357355657135
104	WGN26	4.99999999999997	0.429937875392877	1121	4.15642644342857	5.84357355657137
105	WGN26	7.49999999999998	0.429937875392876	1121	6.65642644342858	8.34357355657137
106	WGN26	5.89750445632788	0.608159436981153	1121	4.70424550293177	7.09076340972399
108	WGN26	7.10249554367198	0.608159436981159	1121	5.90923659027586	8.2957544970681
109	WGN26	6.49999999999997	0.42993787539288	1121	5.65642644342856	7.34357355657137
111	WGN26	6.99999999999996	0.429937875392876	1121	6.15642644342856	7.84357355657136
112	WGN26	5.99999999999998	0.429937875392874	1121	5.15642644342858	6.84357355657137
113	WGN26	5.99999999999997	0.429937875392876	1121	5.15642644342857	6.84357355657137
114	WGN26	5.89750445632797	0.608159436981162	1121	4.70424550293184	7.0907634097241
115	WGN26	5.99999999999997	0.429937875392874	1121	5.15642644342858	6.84357355657136
116	WGN26	4.89750445632799	0.608159436981159	1121	3.70424550293187	6.09076340972411
117	WGN26	5.99999999999998	0.429937875392875	1121	5.15642644342859	6.84357355657138
118	WGN26	5.99999999999998	0.42993787539288	1121	5.15642644342857	6.84357355657138
119	WGN26	5.99999999999998	0.429937875392877	1121	5.15642644342858	6.84357355657138
120	WGN26	5.99999999999999	0.429937875392877	1121	5.15642644342859	6.84357355657139
121	WGN26	7.49999999999996	0.429937875392881	1121	6.65642644342855	8.34357355657136
122	WGN26	6.49999999999999	0.429937875392875	1121	5.65642644342859	7.34357355657138
123	WGN26	5.99999999999998	0.429937875392876	1121	5.15642644342858	6.84357355657137
124	WGN26	5.10249554367198	0.608159436981164	1121	3.90923659027585	6.29575449706811
125	WGN26	9.49999999999999	0.429937875392877	1121	8.65642644342859	10.3435735565714
126	WGN26	4.89750445632795	0.608159436981161	1121	3.70424550293182	6.09076340972407
127	WGN26	6.50000000000001	0.429937875392875	1121	5.65642644342862	7.34357355657141
128	WGN26	7.89750445632796	0.608159436981163	1121	6.70424550293184	9.09076340972409
129	WGN26	4.99999999999997	0.429937875392876	1121	4.15642644342857	5.84357355657137
130	WGN26	6.99999999999998	0.429937875392878	1121	6.15642644342858	7.84357355657138
1	WGN36	7.89750445632806	0.608159436981166	1121	6.70424550293192	9.09076340972419
2	WGN36	6.9999999999999	0.429937875392882	1121	6.15642644342849	7.84357355657131
4	WGN36	5.99999999999995	0.429937875392874	1121	5.15642644342856	6.84357355657134
5	WGN36	6.9999999999999	0.429937875392879	1121	6.15642644342849	7.8435735565713
6	WGN36	6.49999999999991	0.429937875392877	1121	5.65642644342851	7.34357355657131
7	WGN36	5.99999999999987	0.429937875392879	1121	5.15642644342847	6.84357355657127
8	WGN36	7.99999999999988	0.429937875392881	1121	7.15642644342847	8.84357355657129
9	WGN36	6.10249554367191	0.608159436981154	1121	4.9092365902758	7.29575449706802
10	WGN36	6.49999999999991	0.429937875392873	1121	5.65642644342852	7.3435735565713
11	WGN36	6.10249554367196	0.608159436981158	1121	4.90923659027584	7.29575449706808
12	WGN36	6.99999999999992	0.429937875392876	1121	6.15642644342852	7.84357355657131
13	WGN36	8.4999999999999	0.429937875392877	1121	7.6564264434285	9.3435735565713
14	WGN36	5.99999999999987	0.42993787539288	1121	5.15642644342847	6.84357355657128
15	WGN36	8.49999999999989	0.429937875392873	1121	7.6564264434285	9.34357355657128
16	WGN36	5.99999999999987	0.429937875392881	1121	5.15642644342846	6.84357355657127
17	WGN36	6.99999999999987	0.429937875392881	1121	6.15642644342846	7.84357355657128
18	WGN36	8.10249554367193	0.608159436981156	1121	6.90923659027581	9.29575449706804
19	WGN36	5.99999999999989	0.429937875392878	1121	5.15642644342848	6.84357355657129
20	WGN36	5.99999999999992	0.429937875392875	1121	5.15642644342853	6.84357355657132
21	WGN36	6.49999999999986	0.429937875392882	1121	5.65642644342845	7.34357355657127
22	WGN36	6.99999999999996	0.429937875392873	1121	6.15642644342857	7.84357355657136
23	WGN36	7.49999999999989	0.429937875392877	1121	6.65642644342849	8.34357355657129
24	WGN36	6.99999999999995	0.429937875392874	1121	6.15642644342856	7.84357355657134
26	WGN36	7.49999999999988	0.429937875392879	1121	6.65642644342848	8.34357355657128
27	WGN36	5.99999999999992	0.429937875392875	1121	5.15642644342852	6.84357355657131
28	WGN36	5.99999999999993	0.429937875392876	1121	5.15642644342854	6.84357355657133
30	WGN36	9.49999999999995	0.429937875392875	1121	8.65642644342856	10.3435735565713
31	WGN36	6.99999999999994	0.429937875392865	1121	6.15642644342857	7.84357355657132
32	WGN36	8.10249554367193	0.608159436981151	1121	6.90923659027583	9.29575449706804
33	WGN36	5.9999999999999	0.429937875392875	1121	5.15642644342851	6.8435735565713
34	WGN36	6.99999999999988	0.42993787539288	1121	6.15642644342847	7.84357355657128
35	WGN36	6.99999999999993	0.429937875392874	1121	6.15642644342854	7.84357355657133
36	WGN36	6.99999999999989	0.429937875392878	1121	6.15642644342849	7.84357355657129
37	WGN36	7.89750445632789	0.608159436981165	1121	6.70424550293176	9.09076340972403
38	WGN36	5.89750445632794	0.608159436981155	1121	4.70424550293183	7.09076340972406
39	WGN36	6.99999999999989	0.42993787539288	1121	6.15642644342849	7.8435735565713
40	WGN36	5.49999999999988	0.429937875392879	1121	4.65642644342847	6.34357355657128
41	WGN36	7.99999999999991	0.42993787539288	1121	7.15642644342851	8.84357355657132
42	WGN36	6.99999999999991	0.429937875392875	1121	6.15642644342851	7.84357355657131
43	WGN36	9.49999999999988	0.429937875392875	1121	8.65642644342849	10.3435735565713
44	WGN36	6.49999999999991	0.429937875392877	1121	5.65642644342851	7.34357355657131
45	WGN36	5.99999999999992	0.429937875392875	1121	5.15642644342853	6.84357355657132
46	WGN36	8.4999999999999	0.429937875392874	1121	7.6564264434285	9.34357355657129
47	WGN36	7.99999999999989	0.429937875392878	1121	7.15642644342849	8.84357355657129
48	WGN36	6.99999999999991	0.429937875392875	1121	6.15642644342851	7.84357355657131
49	WGN36	7.49999999999989	0.429937875392879	1121	6.65642644342849	8.3435735565713
51	WGN36	7.99999999999991	0.429937875392877	1121	7.15642644342851	8.84357355657131
52	WGN36	6.49999999999991	0.429937875392877	1121	5.65642644342851	7.34357355657131
53	WGN36	5.9999999999999	0.429937875392877	1121	5.1564264434285	6.8435735565713
54	WGN36	6.49999999999991	0.429937875392875	1121	5.65642644342852	7.34357355657131
55	WGN36	7.4999999999999	0.429937875392875	1121	6.65642644342851	8.3435735565713
56	WGN36	7.4999999999999	0.429937875392877	1121	6.6564264434285	8.3435735565713
57	WGN36	9.99999999999993	0.42993787539288	1121	9.15642644342852	10.8435735565713
58	WGN36	7.4999999999999	0.429937875392878	1121	6.6564264434285	8.3435735565713
59	WGN36	7.4999999999999	0.42993787539288	1121	6.6564264434285	8.34357355657131
60	WGN36	7.49999999999991	0.429937875392878	1121	6.65642644342851	8.34357355657131
62	WGN36	6.4999999999999	0.429937875392878	1121	5.6564264434285	7.3435735565713
64	WGN36	6.9999999999999	0.429937875392879	1121	6.15642644342849	7.8435735565713
65	WGN36	7.9999999999999	0.429937875392876	1121	7.1564264434285	8.8435735565713
66	WGN36	5.99999999999991	0.429937875392877	1121	5.15642644342851	6.84357355657131
68	WGN36	5.99999999999991	0.429937875392876	1121	5.15642644342851	6.84357355657131
69	WGN36	7.1024955436719	0.608159436981167	1121	5.90923659027576	8.29575449706803
70	WGN36	7.49999999999993	0.429937875392877	1121	6.65642644342853	8.34357355657133
71	WGN36	5.99999999999988	0.429937875392879	1121	5.15642644342847	6.84357355657128
72	WGN36	7.99999999999991	0.429937875392879	1121	7.15642644342851	8.84357355657132
74	WGN36	9.49999999999986	0.429937875392874	1121	8.65642644342847	10.3435735565713
75	WGN36	6.10249554367193	0.608159436981157	1121	4.90923659027582	7.29575449706805
76	WGN36	5.9999999999999	0.429937875392877	1121	5.1564264434285	6.8435735565713
77	WGN36	5.99999999999988	0.429937875392877	1121	5.15642644342848	6.84357355657128
78	WGN36	7.89750445632789	0.60815943698116	1121	6.70424550293176	9.09076340972401
79	WGN36	5.99999999999991	0.429937875392875	1121	5.15642644342851	6.8435735565713
80	WGN36	5.89750445632792	0.608159436981159	1121	4.7042455029318	7.09076340972404
81	WGN36	8.9999999999999	0.429937875392875	1121	8.1564264434285	9.84357355657129
82	WGN36	5.99999999999986	0.429937875392881	1121	5.15642644342845	6.84357355657126
83	WGN36	7.49999999999989	0.42993787539288	1121	6.65642644342848	8.34357355657129
84	WGN36	6.99999999999989	0.429937875392879	1121	6.15642644342848	7.84357355657129
85	WGN36	5.9999999999999	0.429937875392879	1121	5.1564264434285	6.8435735565713
86	WGN36	6.99999999999991	0.429937875392876	1121	6.15642644342852	7.84357355657131
87	WGN36	4.99999999999995	0.429937875392874	1121	4.15642644342856	5.84357355657135
88	WGN36	6.99999999999989	0.429937875392881	1121	6.15642644342849	7.8435735565713
89	WGN36	5.99999999999989	0.429937875392878	1121	5.15642644342849	6.84357355657129
90	WGN36	6.99999999999989	0.42993787539288	1121	6.15642644342848	7.84357355657129
92	WGN36	6.9999999999999	0.429937875392876	1121	6.15642644342851	7.8435735565713
93	WGN36	6.10249554367192	0.608159436981162	1121	4.90923659027579	7.29575449706805
94	WGN36	6.99999999999989	0.429937875392879	1121	6.15642644342848	7.84357355657129
95	WGN36	5.49999999999989	0.429937875392879	1121	4.65642644342849	6.3435735565713
96	WGN36	9.49999999999992	0.429937875392878	1121	8.65642644342852	10.3435735565713
97	WGN36	7.9999999999999	0.429937875392878	1121	7.1564264434285	8.84357355657131
98	WGN36	6.49999999999991	0.429937875392877	1121	5.65642644342851	7.34357355657131
99	WGN36	5.49999999999992	0.429937875392877	1121	4.65642644342852	6.34357355657132
100	WGN36	5.99999999999991	0.429937875392878	1121	5.15642644342851	6.84357355657131
102	WGN36	5.89750445632789	0.608159436981163	1121	4.70424550293176	7.09076340972402
104	WGN36	5.9999999999999	0.429937875392877	1121	5.1564264434285	6.8435735565713
105	WGN36	6.10249554367193	0.608159436981159	1121	4.90923659027581	7.29575449706805
106	WGN36	4.99999999999991	0.429937875392874	1121	4.15642644342852	5.8435735565713
107	WGN36	5.9999999999999	0.429937875392878	1121	5.15642644342849	6.8435735565713
108	WGN36	5.49999999999991	0.429937875392876	1121	4.65642644342851	6.34357355657131
109	WGN36	7.99999999999989	0.429937875392879	1121	7.15642644342849	8.8435735565713
110	WGN36	7.49999999999991	0.429937875392877	1121	6.65642644342851	8.34357355657131
112	WGN36	7.4999999999999	0.429937875392877	1121	6.6564264434285	8.3435735565713
114	WGN36	5.99999999999992	0.429937875392878	1121	5.15642644342851	6.84357355657132
116	WGN36	5.89750445632789	0.60815943698116	1121	4.70424550293176	7.09076340972401
117	WGN36	5.9999999999999	0.429937875392877	1121	5.1564264434285	6.8435735565713
118	WGN36	5.99999999999989	0.429937875392879	1121	5.15642644342849	6.84357355657129
119	WGN36	6.10249554367193	0.608159436981161	1121	4.90923659027581	7.29575449706805
120	WGN36	7.4999999999999	0.429937875392878	1121	6.65642644342849	8.3435735565713
121	WGN36	6.9999999999999	0.429937875392878	1121	6.1564264434285	7.8435735565713
122	WGN36	8.99999999999989	0.429937875392876	1121	8.1564264434285	9.84357355657129
123	WGN36	9.4999999999999	0.429937875392876	1121	8.6564264434285	10.3435735565713
124	WGN36	7.49999999999989	0.429937875392877	1121	6.6564264434285	8.34357355657129
125	WGN36	5.99999999999989	0.429937875392877	1121	5.15642644342849	6.84357355657129
126	WGN36	6.9999999999999	0.429937875392879	1121	6.1564264434285	7.8435735565713
127	WGN36	6.9999999999999	0.429937875392877	1121	6.1564264434285	7.8435735565713
128	WGN36	6.49999999999991	0.429937875392876	1121	5.65642644342851	7.34357355657131
129	WGN36	5.4999999999999	0.429937875392877	1121	4.6564264434285	6.3435735565713
130	WGN36	8.99999999999991	0.429937875392876	1121	8.15642644342851	9.8435735565713
1	WGN38	5.50000000000006	0.429937875392859	1121	4.6564264434287	6.34357355657142
2	WGN38	8.00000000000002	0.429937875392876	1121	7.15642644342863	8.84357355657142
3	WGN38	6.10249554367202	0.608159436981156	1121	4.9092365902759	7.29575449706813
4	WGN38	5.49999999999998	0.429937875392875	1121	4.65642644342859	6.34357355657138
5	WGN38	8.49999999999997	0.429937875392878	1121	7.65642644342857	9.34357355657137
6	WGN38	6	0.42993787539287	1121	5.15642644342861	6.84357355657138
7	WGN38	7.50000000000003	0.429937875392879	1121	6.65642644342862	8.34357355657143
8	WGN38	6	0.429937875392886	1121	5.15642644342858	6.84357355657142
10	WGN38	7.00000000000004	0.42993787539288	1121	6.15642644342864	7.84357355657145
11	WGN38	6.49999999999996	0.429937875392874	1121	5.65642644342856	7.34357355657135
12	WGN38	5.50000000000004	0.42993787539287	1121	4.65642644342865	6.34357355657142
13	WGN38	7.49999999999995	0.42993787539287	1121	6.65642644342856	8.34357355657134
14	WGN38	6.99999999999996	0.429937875392876	1121	6.15642644342856	7.84357355657135
16	WGN38	6	0.429937875392873	1121	5.15642644342861	6.84357355657139
18	WGN38	7	0.429937875392877	1121	6.1564264434286	7.8435735565714
19	WGN38	5.99999999999996	0.429937875392876	1121	5.15642644342857	6.84357355657136
20	WGN38	7.50000000000003	0.429937875392877	1121	6.65642644342863	8.34357355657143
21	WGN38	7.00000000000001	0.429937875392879	1121	6.15642644342861	7.84357355657142
22	WGN38	6.5	0.42993787539288	1121	5.65642644342859	7.3435735565714
23	WGN38	8.00000000000001	0.429937875392875	1121	7.15642644342862	8.84357355657141
24	WGN38	5.49999999999998	0.429937875392881	1121	4.65642644342857	6.34357355657139
26	WGN38	7.99999999999996	0.429937875392875	1121	7.15642644342856	8.84357355657135
27	WGN38	6.00000000000001	0.429937875392878	1121	5.15642644342861	6.84357355657141
28	WGN38	9.00000000000002	0.429937875392878	1121	8.15642644342861	9.84357355657142
29	WGN38	8.00000000000005	0.429937875392881	1121	7.15642644342864	8.84357355657145
30	WGN38	6.49999999999997	0.429937875392873	1121	5.65642644342858	7.34357355657136
32	WGN38	5.49999999999997	0.429937875392885	1121	4.65642644342855	6.34357355657138
33	WGN38	7.00000000000003	0.429937875392882	1121	6.15642644342862	7.84357355657144
34	WGN38	5.99999999999998	0.429937875392875	1121	5.15642644342859	6.84357355657138
35	WGN38	5.99999999999999	0.429937875392874	1121	5.1564264434286	6.84357355657138
36	WGN38	6	0.429937875392877	1121	5.1564264434286	6.8435735565714
37	WGN38	5.99999999999999	0.429937875392884	1121	5.15642644342858	6.8435735565714
38	WGN38	8.49999999999998	0.429937875392871	1121	7.65642644342859	9.34357355657136
39	WGN38	7.4999999999999	0.42993787539287	1121	6.65642644342851	8.34357355657128
40	WGN38	6	0.429937875392878	1121	5.1564264434286	6.8435735565714
41	WGN38	7.50000000000003	0.429937875392882	1121	6.65642644342862	8.34357355657144
42	WGN38	6.00000000000001	0.429937875392873	1121	5.15642644342862	6.84357355657141
45	WGN38	7.99999999999999	0.429937875392876	1121	7.1564264434286	8.84357355657139
46	WGN38	6.50000000000002	0.429937875392882	1121	5.65642644342861	7.34357355657143
47	WGN38	8.00000000000001	0.429937875392876	1121	7.15642644342861	8.84357355657141
48	WGN38	8.49999999999995	0.429937875392874	1121	7.65642644342855	9.34357355657134
49	WGN38	8.00000000000002	0.429937875392878	1121	7.15642644342862	8.84357355657142
50	WGN38	6.99999999999999	0.429937875392877	1121	6.15642644342859	7.84357355657139
51	WGN38	7.00000000000003	0.429937875392878	1121	6.15642644342863	7.84357355657143
52	WGN38	5.99999999999998	0.429937875392877	1121	5.15642644342859	6.84357355657138
53	WGN38	7.50000000000004	0.42993787539288	1121	6.65642644342864	8.34357355657145
54	WGN38	6.49999999999999	0.429937875392874	1121	5.65642644342859	7.34357355657138
55	WGN38	7.10249554367201	0.608159436981168	1121	5.90923659027588	8.29575449706815
56	WGN38	5.49999999999998	0.429937875392877	1121	4.65642644342858	6.34357355657138
59	WGN38	8.00000000000001	0.429937875392876	1121	7.15642644342861	8.84357355657141
61	WGN38	6.00000000000002	0.429937875392877	1121	5.15642644342863	6.84357355657142
63	WGN38	8.00000000000007	0.429937875392882	1121	7.15642644342866	8.84357355657148
64	WGN38	6.00000000000002	0.429937875392882	1121	5.15642644342861	6.84357355657143
65	WGN38	7.99999999999994	0.429937875392872	1121	7.15642644342855	8.84357355657133
66	WGN38	6.5	0.42993787539288	1121	5.65642644342859	7.3435735565714
67	WGN38	8.50000000000003	0.429937875392878	1121	7.65642644342862	9.34357355657143
68	WGN38	5.49999999999999	0.429937875392878	1121	4.65642644342859	6.34357355657139
69	WGN38	4.99999999999997	0.429937875392874	1121	4.15642644342858	5.84357355657137
70	WGN38	7.00000000000004	0.429937875392877	1121	6.15642644342864	7.84357355657144
72	WGN38	6.99999999999997	0.429937875392873	1121	6.15642644342858	7.84357355657136
73	WGN38	9.49999999999992	0.429937875392874	1121	8.65642644342852	10.3435735565713
74	WGN38	6.49999999999998	0.429937875392878	1121	5.65642644342857	7.34357355657138
76	WGN38	7.49999999999994	0.429937875392873	1121	6.65642644342854	8.34357355657133
77	WGN38	8.50000000000004	0.429937875392878	1121	7.65642644342864	9.34357355657145
78	WGN38	5.5	0.429937875392876	1121	4.6564264434286	6.34357355657139
80	WGN38	8	0.429937875392878	1121	7.1564264434286	8.84357355657141
81	WGN38	9	0.429937875392877	1121	8.1564264434286	9.8435735565714
82	WGN38	8.50000000000001	0.429937875392877	1121	7.65642644342861	9.34357355657141
83	WGN38	6	0.429937875392876	1121	5.1564264434286	6.8435735565714
84	WGN38	6.00000000000001	0.429937875392879	1121	5.15642644342861	6.84357355657141
85	WGN38	6.10249554367203	0.608159436981159	1121	4.90923659027591	7.29575449706815
86	WGN38	6.49999999999999	0.429937875392876	1121	5.6564264434286	7.34357355657139
87	WGN38	5.5	0.429937875392877	1121	4.6564264434286	6.3435735565714
88	WGN38	6	0.429937875392876	1121	5.1564264434286	6.8435735565714
89	WGN38	8.50000000000001	0.429937875392877	1121	7.65642644342861	9.34357355657141
90	WGN38	8.49999999999999	0.429937875392876	1121	7.65642644342859	9.34357355657138
91	WGN38	8.00000000000001	0.429937875392877	1121	7.15642644342861	8.84357355657141
92	WGN38	6	0.429937875392877	1121	5.1564264434286	6.8435735565714
93	WGN38	7	0.429937875392877	1121	6.1564264434286	7.8435735565714
94	WGN38	7.99999999999999	0.429937875392877	1121	7.15642644342859	8.84357355657139
95	WGN38	6	0.429937875392877	1121	5.1564264434286	6.8435735565714
96	WGN38	7	0.429937875392877	1121	6.1564264434286	7.8435735565714
97	WGN38	6	0.429937875392877	1121	5.1564264434286	6.8435735565714
98	WGN38	7.99999999999999	0.429937875392876	1121	7.15642644342859	8.84357355657139
99	WGN38	7.49999999999999	0.429937875392877	1121	6.65642644342859	8.34357355657139
100	WGN38	6	0.429937875392877	1121	5.1564264434286	6.8435735565714
101	WGN38	7.00000000000001	0.429937875392876	1121	6.15642644342861	7.8435735565714
102	WGN38	6	0.429937875392876	1121	5.1564264434286	6.8435735565714
103	WGN38	8.50000000000002	0.429937875392878	1121	7.65642644342862	9.34357355657143
104	WGN38	7.99999999999998	0.429937875392875	1121	7.15642644342858	8.84357355657138
106	WGN38	9.49999999999994	0.429937875392874	1121	8.65642644342855	10.3435735565713
107	WGN38	9.00000000000003	0.429937875392878	1121	8.15642644342863	9.84357355657143
108	WGN38	7.50000000000001	0.429937875392877	1121	6.65642644342861	8.34357355657141
109	WGN38	7.00000000000001	0.429937875392877	1121	6.1564264434286	7.84357355657141
110	WGN38	8.99999999999999	0.429937875392876	1121	8.15642644342859	9.84357355657139
111	WGN38	7	0.429937875392877	1121	6.1564264434286	7.8435735565714
113	WGN38	6.5	0.429937875392876	1121	5.6564264434286	7.3435735565714
114	WGN38	6.5	0.429937875392876	1121	5.6564264434286	7.34357355657139
115	WGN38	7.49999999999999	0.429937875392876	1121	6.65642644342859	8.34357355657139
1	WGN39	6.99999999999967	0.429937875392851	1121	6.15642644342832	7.84357355657102
2	WGN39	6.99999999999991	0.429937875392875	1121	6.15642644342851	7.8435735565713
3	WGN39	5.99999999999993	0.42993787539287	1121	5.15642644342854	6.84357355657132
4	WGN39	6.49999999999986	0.429937875392875	1121	5.65642644342847	7.34357355657126
5	WGN39	5.4999999999999	0.429937875392871	1121	4.65642644342851	6.34357355657129
6	WGN39	5.99999999999991	0.429937875392871	1121	5.15642644342852	6.8435735565713
7	WGN39	7.49999999999984	0.429937875392878	1121	6.65642644342844	8.34357355657125
8	WGN39	6.4999999999999	0.429937875392872	1121	5.65642644342851	7.34357355657129
9	WGN39	5.99999999999985	0.429937875392881	1121	5.15642644342844	6.84357355657126
10	WGN39	4.99999999999979	0.429937875392886	1121	4.15642644342837	5.8435735565712
11	WGN39	6.49999999999984	0.429937875392885	1121	5.65642644342842	7.34357355657125
12	WGN39	5.99999999999988	0.42993787539288	1121	5.15642644342847	6.84357355657128
13	WGN39	5.99999999999989	0.429937875392875	1121	5.15642644342849	6.84357355657128
14	WGN39	4.99999999999985	0.429937875392883	1121	4.15642644342844	5.84357355657126
15	WGN39	6.99999999999988	0.429937875392871	1121	6.1564264434285	7.84357355657127
16	WGN39	5.99999999999993	0.429937875392868	1121	5.15642644342855	6.84357355657132
17	WGN39	5.99999999999987	0.429937875392876	1121	5.15642644342848	6.84357355657127
18	WGN39	5.9999999999999	0.429937875392875	1121	5.1564264434285	6.84357355657129
19	WGN39	6.99999999999992	0.42993787539287	1121	6.15642644342854	7.84357355657131
20	WGN39	7.49999999999988	0.429937875392882	1121	6.65642644342847	8.34357355657129
21	WGN39	7.99999999999988	0.429937875392882	1121	7.15642644342847	8.84357355657129
22	WGN39	7.49999999999991	0.42993787539288	1121	6.6564264434285	8.34357355657131
24	WGN39	5.99999999999989	0.429937875392879	1121	5.15642644342849	6.84357355657129
25	WGN39	6.99999999999987	0.429937875392877	1121	6.15642644342847	7.84357355657127
26	WGN39	6.10249554367192	0.608159436981161	1121	4.90923659027579	7.29575449706804
27	WGN39	5.9999999999999	0.429937875392877	1121	5.1564264434285	6.8435735565713
28	WGN39	4.99999999999988	0.429937875392875	1121	4.15642644342849	5.84357355657128
29	WGN39	5.99999999999988	0.429937875392879	1121	5.15642644342848	6.84357355657128
30	WGN39	6.99999999999989	0.429937875392877	1121	6.15642644342849	7.84357355657129
31	WGN39	6.99999999999989	0.429937875392877	1121	6.15642644342849	7.84357355657129
32	WGN39	5.99999999999991	0.429937875392876	1121	5.15642644342852	6.84357355657131
34	WGN39	5.9999999999999	0.429937875392875	1121	5.1564264434285	6.84357355657129
35	WGN39	5.99999999999988	0.429937875392878	1121	5.15642644342848	6.84357355657128
36	WGN39	5.99999999999989	0.429937875392876	1121	5.1564264434285	6.84357355657129
37	WGN39	5.99999999999987	0.429937875392884	1121	5.15642644342845	6.84357355657128
38	WGN39	5.99999999999989	0.429937875392878	1121	5.15642644342849	6.84357355657129
39	WGN39	5.9999999999999	0.429937875392877	1121	5.1564264434285	6.8435735565713
40	WGN39	5.99999999999988	0.429937875392878	1121	5.15642644342848	6.84357355657128
41	WGN39	6.99999999999989	0.429937875392878	1121	6.15642644342849	7.84357355657129
42	WGN39	6.99999999999987	0.429937875392878	1121	6.15642644342846	7.84357355657127
43	WGN39	5.99999999999982	0.429937875392886	1121	5.15642644342841	6.84357355657124
44	WGN39	5.99999999999984	0.429937875392885	1121	5.15642644342842	6.84357355657125
45	WGN39	5.99999999999991	0.429937875392876	1121	5.15642644342851	6.8435735565713
46	WGN39	5.89750445632789	0.608159436981158	1121	4.70424550293177	7.09076340972401
47	WGN39	5.49999999999996	0.429937875392866	1121	4.65642644342858	6.34357355657134
48	WGN39	5.49999999999989	0.429937875392878	1121	4.65642644342849	6.34357355657129
49	WGN39	5.99999999999988	0.429937875392876	1121	5.15642644342848	6.84357355657128
50	WGN39	5.9999999999999	0.429937875392875	1121	5.15642644342851	6.8435735565713
51	WGN39	5.99999999999986	0.429937875392881	1121	5.15642644342845	6.84357355657126
52	WGN39	5.99999999999992	0.429937875392872	1121	5.15642644342853	6.84357355657131
53	WGN39	5.99999999999989	0.429937875392879	1121	5.15642644342849	6.84357355657129
54	WGN39	5.9999999999999	0.429937875392872	1121	5.15642644342851	6.84357355657129
55	WGN39	5.99999999999987	0.429937875392879	1121	5.15642644342846	6.84357355657127
56	WGN39	5.99999999999988	0.42993787539288	1121	5.15642644342847	6.84357355657128
57	WGN39	5.49999999999988	0.429937875392875	1121	4.65642644342849	6.34357355657128
58	WGN39	6.49999999999988	0.429937875392878	1121	5.65642644342848	7.34357355657128
59	WGN39	5.9999999999999	0.429937875392876	1121	5.1564264434285	6.84357355657129
60	WGN39	5.9999999999999	0.429937875392876	1121	5.15642644342851	6.8435735565713
61	WGN39	5.9999999999999	0.429937875392876	1121	5.15642644342851	6.8435735565713
62	WGN39	5.99999999999988	0.429937875392877	1121	5.15642644342848	6.84357355657128
63	WGN39	5.99999999999989	0.429937875392877	1121	5.15642644342849	6.84357355657129
64	WGN39	5.99999999999988	0.429937875392877	1121	5.15642644342848	6.84357355657128
65	WGN39	4.99999999999989	0.429937875392878	1121	4.15642644342849	5.84357355657129
66	WGN39	6.99999999999986	0.429937875392879	1121	6.15642644342846	7.84357355657126
67	WGN39	6.99999999999988	0.429937875392878	1121	6.15642644342848	7.84357355657129
68	WGN39	6.89750445632788	0.608159436981165	1121	5.70424550293174	8.09076340972401
69	WGN39	5.99999999999988	0.429937875392878	1121	5.15642644342848	6.84357355657128
70	WGN39	7.89750445632787	0.608159436981161	1121	6.70424550293174	9.09076340972399
71	WGN39	6.49999999999991	0.429937875392876	1121	5.65642644342851	7.34357355657131
72	WGN39	5.49999999999991	0.429937875392874	1121	4.65642644342852	6.34357355657131
73	WGN39	5.49999999999993	0.429937875392875	1121	4.65642644342853	6.34357355657132
74	WGN39	6.49999999999988	0.429937875392875	1121	5.65642644342849	7.34357355657128
75	WGN39	6.49999999999988	0.429937875392883	1121	5.65642644342847	7.34357355657129
76	WGN39	5.9999999999999	0.429937875392875	1121	5.1564264434285	6.84357355657129
77	WGN39	4.99999999999988	0.429937875392877	1121	4.15642644342848	5.84357355657128
78	WGN39	6.99999999999989	0.429937875392877	1121	6.15642644342849	7.84357355657129
79	WGN39	6.99999999999989	0.429937875392879	1121	6.15642644342849	7.84357355657129
80	WGN39	5.99999999999989	0.429937875392876	1121	5.15642644342849	6.84357355657129
81	WGN39	7.4999999999999	0.429937875392881	1121	6.65642644342849	8.3435735565713
82	WGN39	5.99999999999989	0.429937875392879	1121	5.15642644342848	6.84357355657129
83	WGN39	5.99999999999988	0.42993787539288	1121	5.15642644342847	6.84357355657128
84	WGN39	6.49999999999988	0.429937875392877	1121	5.65642644342848	7.34357355657128
85	WGN39	6.9999999999999	0.42993787539288	1121	6.15642644342849	7.8435735565713
86	WGN39	5.99999999999989	0.429937875392876	1121	5.15642644342849	6.84357355657128
87	WGN39	6.49999999999987	0.429937875392877	1121	5.65642644342847	7.34357355657127
88	WGN39	4.89750445632788	0.608159436981161	1121	3.70424550293175	6.090763409724
89	WGN39	5.99999999999988	0.429937875392878	1121	5.15642644342848	6.84357355657128
90	WGN39	6.49999999999988	0.429937875392877	1121	5.65642644342848	7.34357355657128
91	WGN39	4.9999999999999	0.429937875392876	1121	4.1564264434285	5.84357355657129
92	WGN39	6.49999999999988	0.429937875392879	1121	5.65642644342847	7.34357355657128
93	WGN39	5.99999999999988	0.429937875392879	1121	5.15642644342847	6.84357355657128
94	WGN39	5.49999999999989	0.429937875392877	1121	4.65642644342849	6.34357355657129
95	WGN39	6.49999999999988	0.429937875392879	1121	5.65642644342848	7.34357355657128
96	WGN39	4.99999999999988	0.429937875392878	1121	4.15642644342848	5.84357355657128
97	WGN39	5.49999999999989	0.429937875392877	1121	4.65642644342849	6.34357355657129
98	WGN39	6.49999999999988	0.429937875392879	1121	5.65642644342848	7.34357355657128
99	WGN39	5.49999999999988	0.429937875392878	1121	4.65642644342848	6.34357355657128
100	WGN39	5.99999999999988	0.429937875392877	1121	5.15642644342848	6.84357355657128
101	WGN39	5.99999999999988	0.429937875392878	1121	5.15642644342848	6.84357355657128
102	WGN39	5.99999999999988	0.429937875392877	1121	5.15642644342848	6.84357355657128
104	WGN39	5.49999999999989	0.429937875392876	1121	4.65642644342849	6.34357355657129
105	WGN39	5.99999999999988	0.429937875392878	1121	5.15642644342848	6.84357355657128
106	WGN39	5.99999999999989	0.429937875392877	1121	5.15642644342849	6.84357355657129
107	WGN39	6.99999999999988	0.429937875392877	1121	6.15642644342848	7.84357355657129
108	WGN39	5.99999999999988	0.429937875392877	1121	5.15642644342848	6.84357355657128
109	WGN39	5.49999999999989	0.429937875392877	1121	4.65642644342849	6.34357355657129
110	WGN39	5.99999999999989	0.429937875392877	1121	5.15642644342849	6.84357355657128
111	WGN39	6.49999999999988	0.429937875392877	1121	5.65642644342848	7.34357355657128
112	WGN39	5.49999999999989	0.429937875392877	1121	4.65642644342849	6.34357355657129
113	WGN39	5.99999999999989	0.429937875392877	1121	5.15642644342849	6.84357355657128
114	WGN39	5.99999999999988	0.429937875392877	1121	5.15642644342848	6.84357355657129
115	WGN39	6.99999999999988	0.429937875392878	1121	6.15642644342848	7.84357355657128
116	WGN39	6.49999999999988	0.429937875392878	1121	5.65642644342848	7.34357355657128
117	WGN39	5.99999999999988	0.429937875392877	1121	5.15642644342848	6.84357355657128
118	WGN39	6.99999999999988	0.429937875392877	1121	6.15642644342848	7.84357355657128
120	WGN39	5.99999999999988	0.429937875392877	1121	5.15642644342848	6.84357355657128
121	WGN39	5.99999999999988	0.429937875392878	1121	5.15642644342848	6.84357355657128
122	WGN39	5.99999999999988	0.429937875392877	1121	5.15642644342848	6.84357355657128
123	WGN39	6.49999999999988	0.429937875392878	1121	5.65642644342848	7.34357355657128
124	WGN39	5.99999999999988	0.429937875392878	1121	5.15642644342848	6.84357355657128
125	WGN39	6.49999999999989	0.429937875392877	1121	5.65642644342849	7.34357355657129
126	WGN39	4.99999999999988	0.429937875392877	1121	4.15642644342848	5.84357355657128
127	WGN39	4.99999999999988	0.429937875392877	1121	4.15642644342848	5.84357355657128
128	WGN39	5.49999999999989	0.429937875392877	1121	4.65642644342849	6.34357355657129
129	WGN39	4.99999999999988	0.429937875392878	1121	4.15642644342848	5.84357355657128
130	WGN39	6.49999999999988	0.429937875392878	1121	5.65642644342848	7.34357355657128
1	WGN45	5.99999999999987	0.429937875392865	1121	5.1564264434285	6.84357355657125
2	WGN45	9.49999999999985	0.429937875392875	1121	8.65642644342845	10.3435735565712
3	WGN45	5.89750445632788	0.608159436981169	1121	4.70424550293174	7.09076340972402
4	WGN45	6.49999999999999	0.429937875392878	1121	5.65642644342859	7.34357355657139
5	WGN45	7.49999999999996	0.429937875392875	1121	6.65642644342857	8.34357355657136
6	WGN45	5.99999999999996	0.429937875392881	1121	5.15642644342856	6.84357355657137
7	WGN45	5.99999999999997	0.429937875392883	1121	5.15642644342855	6.84357355657138
8	WGN45	6.49999999999994	0.429937875392873	1121	5.65642644342855	7.34357355657133
9	WGN45	5.99999999999993	0.429937875392875	1121	5.15642644342854	6.84357355657133
10	WGN45	5.99999999999998	0.429937875392879	1121	5.15642644342858	6.84357355657138
11	WGN45	5.99999999999994	0.429937875392875	1121	5.15642644342854	6.84357355657133
12	WGN45	6.49999999999997	0.429937875392882	1121	5.65642644342856	7.34357355657138
13	WGN45	8.49999999999993	0.429937875392877	1121	7.65642644342854	9.34357355657133
14	WGN45	6.99999999999993	0.429937875392871	1121	6.15642644342854	7.84357355657131
15	WGN45	6.10249554367198	0.608159436981165	1121	4.90923659027585	7.29575449706811
16	WGN45	6.49999999999996	0.42993787539288	1121	5.65642644342856	7.34357355657137
17	WGN45	5.99999999999995	0.429937875392873	1121	5.15642644342855	6.84357355657134
18	WGN45	5.99999999999996	0.429937875392875	1121	5.15642644342856	6.84357355657135
19	WGN45	5.99999999999993	0.429937875392882	1121	5.15642644342852	6.84357355657134
20	WGN45	5.99999999999995	0.429937875392874	1121	5.15642644342856	6.84357355657135
22	WGN45	6.49999999999994	0.429937875392879	1121	5.65642644342854	7.34357355657135
23	WGN45	5.99999999999995	0.429937875392878	1121	5.15642644342855	6.84357355657136
24	WGN45	5.99999999999994	0.429937875392881	1121	5.15642644342853	6.84357355657134
25	WGN45	4.99999999999994	0.429937875392879	1121	4.15642644342853	5.84357355657134
26	WGN45	5.99999999999995	0.429937875392876	1121	5.15642644342855	6.84357355657135
28	WGN45	6.49999999999996	0.429937875392878	1121	5.65642644342855	7.34357355657136
29	WGN45	5.99999999999998	0.429937875392877	1121	5.15642644342858	6.84357355657138
31	WGN45	5.99999999999996	0.429937875392873	1121	5.15642644342856	6.84357355657135
32	WGN45	5.99999999999996	0.429937875392879	1121	5.15642644342856	6.84357355657137
33	WGN45	5.99999999999995	0.42993787539287	1121	5.15642644342856	6.84357355657134
34	WGN45	5.99999999999996	0.42993787539288	1121	5.15642644342856	6.84357355657137
35	WGN45	5.49999999999994	0.429937875392883	1121	4.65642644342853	6.34357355657136
36	WGN45	5.99999999999995	0.429937875392873	1121	5.15642644342856	6.84357355657134
37	WGN45	6.49999999999995	0.429937875392876	1121	5.65642644342856	7.34357355657135
38	WGN45	5.49999999999997	0.429937875392878	1121	4.65642644342856	6.34357355657137
40	WGN45	5.49999999999996	0.429937875392882	1121	4.65642644342855	6.34357355657137
41	WGN45	5.99999999999996	0.429937875392876	1121	5.15642644342856	6.84357355657135
42	WGN45	5.99999999999996	0.429937875392879	1121	5.15642644342856	6.84357355657136
43	WGN45	5.49999999999997	0.429937875392879	1121	4.65642644342857	6.34357355657138
44	WGN45	5.99999999999996	0.429937875392879	1121	5.15642644342856	6.84357355657137
45	WGN45	6.99999999999997	0.429937875392877	1121	6.15642644342857	7.84357355657137
46	WGN45	5.99999999999996	0.429937875392878	1121	5.15642644342856	6.84357355657136
47	WGN45	6.10249554367198	0.608159436981159	1121	4.90923659027585	7.2957544970681
48	WGN45	5.99999999999996	0.429937875392876	1121	5.15642644342856	6.84357355657136
49	WGN45	9.49999999999992	0.429937875392875	1121	8.65642644342852	10.3435735565713
50	WGN45	5.99999999999996	0.429937875392876	1121	5.15642644342856	6.84357355657135
52	WGN45	5.99999999999996	0.429937875392879	1121	5.15642644342856	6.84357355657136
53	WGN45	5.99999999999996	0.429937875392874	1121	5.15642644342857	6.84357355657136
54	WGN45	5.99999999999996	0.429937875392883	1121	5.15642644342854	6.84357355657137
55	WGN45	8.9999999999999	0.429937875392874	1121	8.1564264434285	9.84357355657129
56	WGN45	6.99999999999998	0.42993787539288	1121	6.15642644342857	7.84357355657139
57	WGN45	5.49999999999996	0.42993787539288	1121	4.65642644342855	6.34357355657136
58	WGN45	7.49999999999995	0.429937875392876	1121	6.65642644342856	8.34357355657135
59	WGN45	5.99999999999996	0.429937875392877	1121	5.15642644342856	6.84357355657136
60	WGN45	5.89750445632794	0.60815943698117	1121	4.7042455029318	7.09076340972408
61	WGN45	6.99999999999994	0.429937875392874	1121	6.15642644342855	7.84357355657134
62	WGN45	7.49999999999996	0.429937875392877	1121	6.65642644342856	8.34357355657136
64	WGN45	5.99999999999996	0.429937875392879	1121	5.15642644342856	6.84357355657137
65	WGN45	5.99999999999996	0.429937875392878	1121	5.15642644342856	6.84357355657136
66	WGN45	5.99999999999997	0.429937875392878	1121	5.15642644342857	6.84357355657137
67	WGN45	6.10249554367198	0.608159436981163	1121	4.90923659027585	7.29575449706811
68	WGN45	5.99999999999997	0.42993787539288	1121	5.15642644342857	6.84357355657138
69	WGN45	6.99999999999995	0.429937875392879	1121	6.15642644342855	7.84357355657136
70	WGN45	5.89750445632794	0.608159436981159	1121	4.70424550293181	7.09076340972406
71	WGN45	5.99999999999996	0.429937875392875	1121	5.15642644342857	6.84357355657136
72	WGN45	5.99999999999997	0.429937875392876	1121	5.15642644342857	6.84357355657137
73	WGN45	5.89750445632795	0.608159436981163	1121	4.70424550293182	7.09076340972408
74	WGN45	5.99999999999996	0.429937875392878	1121	5.15642644342856	6.84357355657136
75	WGN45	5.99999999999996	0.429937875392875	1121	5.15642644342856	6.84357355657135
76	WGN45	6.49999999999997	0.429937875392878	1121	5.65642644342856	7.34357355657137
77	WGN45	5.99999999999996	0.429937875392876	1121	5.15642644342856	6.84357355657135
78	WGN45	5.99999999999996	0.429937875392878	1121	5.15642644342856	6.84357355657136
80	WGN45	9	0.42993787539288	1121	8.15642644342859	9.84357355657141
81	WGN45	5.99999999999996	0.429937875392875	1121	5.15642644342857	6.84357355657136
82	WGN45	6.49999999999996	0.429937875392877	1121	5.65642644342856	7.34357355657136
84	WGN45	7.49999999999995	0.429937875392876	1121	6.65642644342855	8.34357355657135
85	WGN45	5.89750445632794	0.60815943698116	1121	4.70424550293182	7.09076340972407
86	WGN45	7.99999999999996	0.429937875392878	1121	7.15642644342856	8.84357355657136
87	WGN45	5.99999999999996	0.429937875392876	1121	5.15642644342856	6.84357355657136
88	WGN45	5.99999999999996	0.429937875392875	1121	5.15642644342856	6.84357355657136
89	WGN45	5.99999999999996	0.429937875392876	1121	5.15642644342856	6.84357355657135
90	WGN45	5.99999999999996	0.429937875392877	1121	5.15642644342856	6.84357355657136
92	WGN45	6.99999999999995	0.429937875392876	1121	6.15642644342855	7.84357355657135
93	WGN45	5.99999999999996	0.429937875392878	1121	5.15642644342856	6.84357355657136
94	WGN45	5.99999999999996	0.429937875392877	1121	5.15642644342856	6.84357355657136
95	WGN45	5.99999999999996	0.429937875392876	1121	5.15642644342856	6.84357355657135
96	WGN45	5.99999999999996	0.429937875392876	1121	5.15642644342856	6.84357355657136
98	WGN45	5.49999999999996	0.429937875392876	1121	4.65642644342856	6.34357355657136
99	WGN45	5.10249554367196	0.608159436981163	1121	3.90923659027583	6.29575449706809
100	WGN45	7.49999999999997	0.429937875392878	1121	6.65642644342856	8.34357355657137
101	WGN45	5.99999999999996	0.429937875392878	1121	5.15642644342856	6.84357355657136
102	WGN45	5.99999999999996	0.429937875392877	1121	5.15642644342856	6.84357355657136
103	WGN45	5.89750445632795	0.608159436981162	1121	4.70424550293182	7.09076340972407
104	WGN45	7.49999999999996	0.429937875392877	1121	6.65642644342856	8.34357355657136
105	WGN45	5.49999999999996	0.429937875392878	1121	4.65642644342856	6.34357355657136
106	WGN45	5.99999999999996	0.429937875392877	1121	5.15642644342856	6.84357355657136
107	WGN45	6.99999999999996	0.429937875392877	1121	6.15642644342856	7.84357355657136
108	WGN45	5.99999999999996	0.429937875392877	1121	5.15642644342856	6.84357355657136
109	WGN45	5.99999999999996	0.429937875392878	1121	5.15642644342856	6.84357355657136
110	WGN45	5.99999999999996	0.429937875392877	1121	5.15642644342856	6.84357355657136
111	WGN45	6.49999999999996	0.429937875392877	1121	5.65642644342856	7.34357355657136
112	WGN45	5.49999999999996	0.429937875392877	1121	4.65642644342856	6.34357355657136
113	WGN45	5.89750445632795	0.608159436981161	1121	4.70424550293182	7.09076340972407
114	WGN45	6.49999999999996	0.429937875392877	1121	5.65642644342856	7.34357355657136
115	WGN45	5.89750445632795	0.608159436981162	1121	4.70424550293182	7.09076340972408
116	WGN45	5.99999999999996	0.429937875392876	1121	5.15642644342856	6.84357355657136
117	WGN45	5.49999999999996	0.429937875392878	1121	4.65642644342856	6.34357355657136
118	WGN45	6.10249554367198	0.608159436981162	1121	4.90923659027585	7.2957544970681
119	WGN45	7.99999999999997	0.429937875392878	1121	7.15642644342856	8.84357355657137
120	WGN45	5.99999999999996	0.429937875392877	1121	5.15642644342856	6.84357355657136
121	WGN45	6.49999999999996	0.429937875392877	1121	5.65642644342856	7.34357355657136
122	WGN45	5.99999999999996	0.429937875392878	1121	5.15642644342856	6.84357355657136
123	WGN45	7.99999999999996	0.429937875392877	1121	7.15642644342856	8.84357355657136
124	WGN45	8.49999999999996	0.429937875392877	1121	7.65642644342856	9.34357355657136
126	WGN45	7.99999999999996	0.429937875392877	1121	7.15642644342856	8.84357355657136
127	WGN45	6.49999999999996	0.429937875392877	1121	5.65642644342856	7.34357355657136
128	WGN45	6.49999999999996	0.429937875392877	1121	5.65642644342856	7.34357355657136
129	WGN45	5.49999999999996	0.429937875392877	1121	4.65642644342856	6.34357355657136
130	WGN45	6.10249554367198	0.608159436981162	1121	4.90923659027585	7.29575449706811
1	WGN46	6.49999999999999	0.429937875392864	1121	5.65642644342862	7.34357355657137
2	WGN46	7.49999999999995	0.42993787539287	1121	6.65642644342857	8.34357355657134
3	WGN46	8.49999999999999	0.429937875392884	1121	7.65642644342858	9.3435735565714
4	WGN46	7.49999999999994	0.429937875392877	1121	6.65642644342854	8.34357355657134
6	WGN46	6.1024955436719	0.608159436981169	1121	4.90923659027576	7.29575449706804
7	WGN46	7.99999999999999	0.42993787539288	1121	7.15642644342858	8.8435735565714
8	WGN46	7.89750445632786	0.608159436981164	1121	6.70424550293173	9.09076340972399
9	WGN46	8.49999999999996	0.429937875392879	1121	7.65642644342856	9.34357355657136
10	WGN46	7.99999999999996	0.429937875392878	1121	7.15642644342856	8.84357355657136
11	WGN46	6.49999999999993	0.42993787539288	1121	5.65642644342853	7.34357355657134
12	WGN46	6.99999999999996	0.429937875392884	1121	6.15642644342855	7.84357355657137
13	WGN46	7.49999999999992	0.429937875392876	1121	6.65642644342852	8.34357355657131
14	WGN46	6.4999999999999	0.429937875392872	1121	5.65642644342851	7.34357355657129
15	WGN46	5.99999999999996	0.429937875392878	1121	5.15642644342855	6.84357355657136
16	WGN46	5.99999999999997	0.429937875392873	1121	5.15642644342857	6.84357355657136
17	WGN46	6.99999999999992	0.429937875392873	1121	6.15642644342853	7.84357355657131
18	WGN46	8.99999999999997	0.429937875392878	1121	8.15642644342857	9.84357355657137
19	WGN46	6.49999999999994	0.429937875392874	1121	5.65642644342854	7.34357355657133
20	WGN46	7.10249554367195	0.608159436981167	1121	5.90923659027581	8.29575449706808
21	WGN46	7.89750445632789	0.608159436981155	1121	6.70424550293178	9.09076340972401
22	WGN46	5.9999999999999	0.429937875392877	1121	5.1564264434285	6.8435735565713
23	WGN46	8.49999999999993	0.429937875392874	1121	7.65642644342853	9.34357355657132
24	WGN46	7.99999999999986	0.429937875392875	1121	7.15642644342846	8.84357355657125
25	WGN46	8.99999999999989	0.429937875392871	1121	8.1564264434285	9.84357355657128
26	WGN46	8.49999999999993	0.429937875392875	1121	7.65642644342853	9.34357355657132
27	WGN46	6.10249554367193	0.608159436981171	1121	4.90923659027578	7.29575449706807
28	WGN46	7.99999999999993	0.429937875392874	1121	7.15642644342853	8.84357355657132
29	WGN46	6.99999999999994	0.429937875392881	1121	6.15642644342853	7.84357355657134
30	WGN46	8.49999999999993	0.429937875392875	1121	7.65642644342853	9.34357355657133
31	WGN46	8.9999999999999	0.429937875392875	1121	8.1564264434285	9.84357355657129
32	WGN46	8.99999999999991	0.429937875392878	1121	8.15642644342851	9.84357355657131
33	WGN46	7.49999999999992	0.429937875392871	1121	6.65642644342853	8.34357355657131
34	WGN46	6.99999999999995	0.429937875392883	1121	6.15642644342854	7.84357355657137
36	WGN46	8.49999999999991	0.429937875392874	1121	7.65642644342852	9.34357355657131
37	WGN46	8.99999999999991	0.429937875392875	1121	8.15642644342852	9.84357355657131
38	WGN46	8.99999999999993	0.429937875392877	1121	8.15642644342853	9.84357355657133
39	WGN46	7.99999999999995	0.429937875392877	1121	7.15642644342855	8.84357355657135
40	WGN46	8.99999999999998	0.429937875392879	1121	8.15642644342857	9.84357355657138
41	WGN46	7.99999999999996	0.429937875392879	1121	7.15642644342855	8.84357355657136
42	WGN46	7.99999999999996	0.429937875392877	1121	7.15642644342856	8.84357355657136
43	WGN46	6.49999999999995	0.42993787539288	1121	5.65642644342854	7.34357355657135
44	WGN46	8.49999999999995	0.429937875392878	1121	7.65642644342855	9.34357355657136
45	WGN46	5.99999999999992	0.429937875392884	1121	5.1564264434285	6.84357355657133
46	WGN46	7.49999999999995	0.42993787539288	1121	6.65642644342855	8.34357355657136
47	WGN46	5.99999999999993	0.429937875392883	1121	5.15642644342852	6.84357355657134
48	WGN46	7.9999999999999	0.429937875392871	1121	7.15642644342851	8.84357355657129
49	WGN46	6.99999999999994	0.429937875392877	1121	6.15642644342854	7.84357355657134
50	WGN46	6.49999999999994	0.429937875392883	1121	5.65642644342853	7.34357355657136
52	WGN46	6.49999999999994	0.429937875392873	1121	5.65642644342854	7.34357355657133
53	WGN46	6.99999999999993	0.429937875392873	1121	6.15642644342854	7.84357355657133
54	WGN46	6.49999999999994	0.429937875392876	1121	5.65642644342854	7.34357355657133
55	WGN46	8.10249554367196	0.608159436981161	1121	6.90923659027584	9.29575449706808
56	WGN46	9.99999999999991	0.429937875392875	1121	9.15642644342852	10.8435735565713
57	WGN46	5.99999999999994	0.429937875392875	1121	5.15642644342855	6.84357355657134
58	WGN46	7.99999999999995	0.429937875392878	1121	7.15642644342855	8.84357355657135
59	WGN46	8.99999999999992	0.429937875392875	1121	8.15642644342852	9.84357355657131
60	WGN46	6.99999999999995	0.429937875392879	1121	6.15642644342854	7.84357355657135
61	WGN46	9.49999999999994	0.429937875392877	1121	8.65642644342855	10.3435735565713
62	WGN46	8.99999999999993	0.429937875392877	1121	8.15642644342853	9.84357355657133
63	WGN46	9.49999999999994	0.429937875392877	1121	8.65642644342854	10.3435735565713
64	WGN46	6.99999999999993	0.429937875392875	1121	6.15642644342854	7.84357355657133
65	WGN46	6.49999999999994	0.429937875392875	1121	5.65642644342854	7.34357355657134
66	WGN46	7.49999999999994	0.429937875392877	1121	6.65642644342854	8.34357355657134
67	WGN46	6.49999999999993	0.42993787539288	1121	5.65642644342853	7.34357355657134
68	WGN46	7.49999999999994	0.429937875392878	1121	6.65642644342854	8.34357355657134
69	WGN46	7.49999999999994	0.42993787539288	1121	6.65642644342854	8.34357355657135
70	WGN46	6.49999999999994	0.429937875392878	1121	5.65642644342854	7.34357355657134
71	WGN46	6.99999999999994	0.429937875392878	1121	6.15642644342854	7.84357355657135
72	WGN46	7.99999999999995	0.429937875392878	1121	7.15642644342855	8.84357355657135
73	WGN46	8.49999999999992	0.429937875392876	1121	7.65642644342853	9.34357355657132
74	WGN46	8.99999999999994	0.429937875392877	1121	8.15642644342854	9.84357355657134
75	WGN46	8.49999999999993	0.429937875392876	1121	7.65642644342853	9.34357355657133
76	WGN46	5.99999999999995	0.429937875392877	1121	5.15642644342855	6.84357355657135
78	WGN46	5.49999999999994	0.429937875392877	1121	4.65642644342854	6.34357355657134
79	WGN46	5.99999999999994	0.429937875392878	1121	5.15642644342854	6.84357355657134
80	WGN46	5.99999999999994	0.429937875392877	1121	5.15642644342854	6.84357355657134
81	WGN46	6.49999999999994	0.429937875392879	1121	5.65642644342854	7.34357355657134
82	WGN46	8.10249554367197	0.608159436981165	1121	6.90923659027583	9.2957544970681
83	WGN46	7.99999999999993	0.429937875392877	1121	7.15642644342853	8.84357355657133
84	WGN46	7.99999999999995	0.429937875392878	1121	7.15642644342855	8.84357355657135
85	WGN46	6.99999999999994	0.429937875392877	1121	6.15642644342854	7.84357355657134
86	WGN46	6.99999999999994	0.429937875392877	1121	6.15642644342854	7.84357355657134
87	WGN46	8.99999999999994	0.429937875392877	1121	8.15642644342854	9.84357355657134
88	WGN46	8.99999999999994	0.429937875392878	1121	8.15642644342854	9.84357355657134
89	WGN46	6.99999999999994	0.429937875392877	1121	6.15642644342854	7.84357355657133
90	WGN46	5.99999999999994	0.429937875392878	1121	5.15642644342854	6.84357355657134
91	WGN46	8.99999999999991	0.429937875392875	1121	8.15642644342851	9.84357355657131
92	WGN46	5.99999999999994	0.42993787539288	1121	5.15642644342854	6.84357355657135
93	WGN46	6.49999999999993	0.429937875392879	1121	5.65642644342853	7.34357355657134
94	WGN46	7.99999999999995	0.429937875392878	1121	7.15642644342855	8.84357355657135
95	WGN46	8.99999999999992	0.429937875392876	1121	8.15642644342852	9.84357355657132
96	WGN46	6.99999999999996	0.429937875392877	1121	6.15642644342856	7.84357355657136
98	WGN46	7.99999999999994	0.429937875392878	1121	7.15642644342854	8.84357355657134
100	WGN46	5.89750445632793	0.608159436981162	1121	4.7042455029318	7.09076340972405
101	WGN46	6.49999999999994	0.429937875392877	1121	5.65642644342855	7.34357355657134
102	WGN46	8.49999999999993	0.429937875392876	1121	7.65642644342853	9.34357355657133
103	WGN46	8.49999999999994	0.429937875392877	1121	7.65642644342854	9.34357355657134
104	WGN46	4.99999999999995	0.429937875392877	1121	4.15642644342855	5.84357355657134
106	WGN46	7.99999999999994	0.429937875392878	1121	7.15642644342854	8.84357355657134
107	WGN46	5.99999999999994	0.429937875392877	1121	5.15642644342854	6.84357355657134
108	WGN46	5.99999999999994	0.429937875392878	1121	5.15642644342854	6.84357355657134
109	WGN46	6.49999999999994	0.429937875392877	1121	5.65642644342854	7.34357355657134
110	WGN46	5.49999999999994	0.429937875392877	1121	4.65642644342854	6.34357355657134
111	WGN46	5.49999999999994	0.429937875392877	1121	4.65642644342854	6.34357355657134
112	WGN46	7.99999999999994	0.429937875392878	1121	7.15642644342854	8.84357355657134
113	WGN46	9.49999999999995	0.429937875392877	1121	8.65642644342855	10.3435735565713
114	WGN46	7.99999999999994	0.429937875392877	1121	7.15642644342854	8.84357355657134
115	WGN46	7.49999999999994	0.429937875392877	1121	6.65642644342854	8.34357355657134
116	WGN46	8.49999999999994	0.429937875392877	1121	7.65642644342854	9.34357355657134
117	WGN46	7.49999999999994	0.429937875392877	1121	6.65642644342854	8.34357355657134
118	WGN46	6.49999999999994	0.429937875392877	1121	5.65642644342854	7.34357355657134
119	WGN46	5.99999999999994	0.429937875392877	1121	5.15642644342854	6.84357355657134
120	WGN46	6.49999999999994	0.429937875392877	1121	5.65642644342854	7.34357355657134
121	WGN46	7.49999999999994	0.429937875392877	1121	6.65642644342854	8.34357355657134
122	WGN46	7.99999999999994	0.429937875392877	1121	7.15642644342854	8.84357355657134
123	WGN46	8.49999999999993	0.429937875392877	1121	7.65642644342853	9.34357355657133
124	WGN46	7.99999999999994	0.429937875392877	1121	7.15642644342854	8.84357355657134
125	WGN46	8.49999999999994	0.429937875392877	1121	7.65642644342854	9.34357355657134
126	WGN46	5.99999999999994	0.429937875392877	1121	5.15642644342854	6.84357355657134
127	WGN46	7.99999999999994	0.429937875392877	1121	7.15642644342854	8.84357355657134
128	WGN46	8.99999999999994	0.429937875392877	1121	8.15642644342854	9.84357355657134
129	WGN46	6.49999999999994	0.429937875392877	1121	5.65642644342854	7.34357355657134
130	WGN46	7.49999999999994	0.429937875392877	1121	6.65642644342854	8.34357355657134
1	WGN55	5.99999999999987	0.429937875392886	1121	5.15642644342845	6.84357355657128
2	WGN55	6.9999999999999	0.429937875392879	1121	6.1564264434285	7.84357355657131
3	WGN55	5.9999999999999	0.429937875392878	1121	5.1564264434285	6.8435735565713
4	WGN55	4.99999999999989	0.42993787539288	1121	4.15642644342848	5.84357355657129
5	WGN55	5.49999999999993	0.429937875392884	1121	4.65642644342851	6.34357355657134
6	WGN55	5.4999999999999	0.429937875392876	1121	4.6564264434285	6.34357355657129
7	WGN55	7.49999999999994	0.429937875392879	1121	6.65642644342853	8.34357355657134
8	WGN55	8.99999999999989	0.429937875392876	1121	8.15642644342849	9.84357355657129
9	WGN55	5.49999999999991	0.429937875392875	1121	4.65642644342851	6.34357355657131
10	WGN55	6.99999999999992	0.429937875392877	1121	6.15642644342851	7.84357355657132
11	WGN55	5.99999999999997	0.429937875392879	1121	5.15642644342857	6.84357355657138
12	WGN55	7.99999999999988	0.429937875392873	1121	7.15642644342849	8.84357355657127
13	WGN55	5.99999999999991	0.429937875392876	1121	5.15642644342851	6.8435735565713
14	WGN55	6.99999999999991	0.429937875392883	1121	6.1564264434285	7.84357355657133
15	WGN55	5.9999999999999	0.429937875392875	1121	5.1564264434285	6.84357355657129
16	WGN55	5.99999999999989	0.42993787539288	1121	5.15642644342848	6.84357355657129
17	WGN55	8.49999999999992	0.42993787539288	1121	7.65642644342852	9.34357355657133
18	WGN55	9.50000000000002	0.429937875392883	1121	8.65642644342861	10.3435735565714
19	WGN55	7.49999999999991	0.429937875392879	1121	6.65642644342851	8.34357355657132
20	WGN55	5.99999999999991	0.429937875392873	1121	5.15642644342852	6.8435735565713
21	WGN55	6.99999999999991	0.429937875392879	1121	6.1564264434285	7.84357355657131
22	WGN55	5.99999999999992	0.429937875392872	1121	5.15642644342853	6.84357355657131
23	WGN55	6.99999999999988	0.429937875392873	1121	6.15642644342849	7.84357355657127
24	WGN55	5.99999999999989	0.429937875392874	1121	5.1564264434285	6.84357355657129
25	WGN55	5.99999999999993	0.429937875392879	1121	5.15642644342853	6.84357355657133
26	WGN55	5.99999999999991	0.429937875392876	1121	5.15642644342851	6.84357355657131
27	WGN55	6.49999999999993	0.429937875392881	1121	5.65642644342852	7.34357355657133
28	WGN55	9.49999999999989	0.429937875392877	1121	8.65642644342849	10.3435735565713
29	WGN55	5.99999999999988	0.429937875392872	1121	5.15642644342849	6.84357355657127
30	WGN55	5.99999999999989	0.429937875392874	1121	5.15642644342849	6.84357355657128
31	WGN55	7.49999999999994	0.429937875392879	1121	6.65642644342853	8.34357355657134
32	WGN55	5.9999999999999	0.429937875392875	1121	5.1564264434285	6.84357355657129
33	WGN55	6.49999999999991	0.429937875392878	1121	5.65642644342851	7.34357355657131
34	WGN55	5.99999999999989	0.429937875392874	1121	5.1564264434285	6.84357355657129
35	WGN55	5.99999999999991	0.429937875392877	1121	5.15642644342851	6.84357355657131
36	WGN55	6.4999999999999	0.429937875392876	1121	5.6564264434285	7.34357355657129
37	WGN55	6.99999999999991	0.429937875392877	1121	6.15642644342851	7.84357355657131
38	WGN55	5.9999999999999	0.429937875392879	1121	5.1564264434285	6.84357355657131
40	WGN55	6.4999999999999	0.429937875392876	1121	5.6564264434285	7.34357355657129
41	WGN55	5.9999999999999	0.429937875392878	1121	5.1564264434285	6.8435735565713
42	WGN55	7.99999999999994	0.429937875392882	1121	7.15642644342853	8.84357355657135
43	WGN55	6.49999999999991	0.42993787539288	1121	5.6564264434285	7.34357355657131
44	WGN55	7.49999999999991	0.429937875392878	1121	6.65642644342851	8.34357355657131
45	WGN55	5.99999999999991	0.429937875392877	1121	5.15642644342851	6.84357355657131
46	WGN55	5.10249554367193	0.608159436981158	1121	3.90923659027581	6.29575449706805
47	WGN55	5.9999999999999	0.429937875392878	1121	5.1564264434285	6.8435735565713
48	WGN55	6.99999999999991	0.429937875392879	1121	6.15642644342851	7.84357355657131
49	WGN55	5.9999999999999	0.429937875392878	1121	5.1564264434285	6.8435735565713
50	WGN55	5.4999999999999	0.429937875392877	1121	4.6564264434285	6.3435735565713
52	WGN55	5.9999999999999	0.429937875392879	1121	5.1564264434285	6.84357355657131
53	WGN55	5.99999999999991	0.429937875392877	1121	5.15642644342851	6.84357355657131
54	WGN55	6.99999999999991	0.429937875392879	1121	6.1564264434285	7.84357355657131
55	WGN55	8.9999999999999	0.429937875392877	1121	8.1564264434285	9.8435735565713
56	WGN55	5.99999999999989	0.429937875392877	1121	5.15642644342849	6.84357355657129
57	WGN55	5.89750445632788	0.608159436981163	1121	4.70424550293175	7.09076340972401
58	WGN55	5.99999999999989	0.429937875392877	1121	5.15642644342849	6.84357355657129
59	WGN55	5.9999999999999	0.429937875392878	1121	5.1564264434285	6.8435735565713
60	WGN55	5.9999999999999	0.429937875392878	1121	5.1564264434285	6.8435735565713
61	WGN55	7.49999999999989	0.429937875392877	1121	6.65642644342849	8.34357355657129
62	WGN55	5.4999999999999	0.429937875392881	1121	4.65642644342849	6.3435735565713
63	WGN55	6.99999999999991	0.429937875392878	1121	6.15642644342851	7.84357355657131
64	WGN55	4.9999999999999	0.429937875392878	1121	4.1564264434285	5.8435735565713
65	WGN55	7.49999999999989	0.429937875392877	1121	6.6564264434285	8.34357355657129
66	WGN55	5.99999999999988	0.429937875392876	1121	5.15642644342848	6.84357355657128
67	WGN55	6.10249554367194	0.608159436981161	1121	4.90923659027582	7.29575449706807
68	WGN55	4.99999999999989	0.42993787539288	1121	4.15642644342849	5.8435735565713
69	WGN55	4.99999999999994	0.429937875392876	1121	4.15642644342854	5.84357355657133
70	WGN55	6.99999999999991	0.429937875392876	1121	6.15642644342851	7.8435735565713
71	WGN55	5.49999999999991	0.429937875392879	1121	4.65642644342851	6.34357355657131
72	WGN55	5.9999999999999	0.429937875392877	1121	5.1564264434285	6.8435735565713
73	WGN55	7.4999999999999	0.429937875392878	1121	6.6564264434285	8.3435735565713
74	WGN55	6.9999999999999	0.429937875392876	1121	6.1564264434285	7.84357355657129
75	WGN55	5.9999999999999	0.429937875392875	1121	5.15642644342851	6.8435735565713
76	WGN55	6.4999999999999	0.429937875392876	1121	5.65642644342851	7.3435735565713
77	WGN55	6.10249554367193	0.608159436981162	1121	4.9092365902758	7.29575449706805
78	WGN55	4.9999999999999	0.429937875392878	1121	4.1564264434285	5.8435735565713
80	WGN55	6.49999999999991	0.429937875392877	1121	5.65642644342851	7.34357355657131
81	WGN55	5.99999999999991	0.429937875392877	1121	5.15642644342851	6.8435735565713
82	WGN55	6.4999999999999	0.429937875392875	1121	5.6564264434285	7.34357355657129
83	WGN55	5.9999999999999	0.429937875392877	1121	5.1564264434285	6.8435735565713
84	WGN55	5.9999999999999	0.429937875392878	1121	5.1564264434285	6.8435735565713
85	WGN55	5.49999999999991	0.429937875392877	1121	4.65642644342851	6.34357355657131
86	WGN55	5.99999999999991	0.429937875392877	1121	5.15642644342851	6.84357355657131
87	WGN55	5.99999999999991	0.429937875392878	1121	5.15642644342851	6.84357355657131
88	WGN55	5.4999999999999	0.429937875392879	1121	4.65642644342849	6.3435735565713
89	WGN55	9.4999999999999	0.429937875392877	1121	8.6564264434285	10.3435735565713
90	WGN55	5.4999999999999	0.429937875392878	1121	4.6564264434285	6.3435735565713
91	WGN55	5.9999999999999	0.429937875392878	1121	5.1564264434285	6.84357355657131
92	WGN55	5.99999999999991	0.429937875392878	1121	5.1564264434285	6.84357355657131
93	WGN55	5.49999999999991	0.429937875392876	1121	4.65642644342851	6.3435735565713
94	WGN55	5.99999999999991	0.429937875392876	1121	5.15642644342851	6.8435735565713
95	WGN55	6.99999999999989	0.429937875392877	1121	6.15642644342849	7.84357355657129
96	WGN55	6.9999999999999	0.429937875392878	1121	6.15642644342849	7.8435735565713
97	WGN55	7.99999999999989	0.429937875392875	1121	7.1564264434285	8.84357355657129
98	WGN55	5.99999999999991	0.429937875392877	1121	5.15642644342851	6.84357355657131
99	WGN55	5.9999999999999	0.429937875392876	1121	5.15642644342851	6.8435735565713
100	WGN55	5.9999999999999	0.429937875392876	1121	5.15642644342851	6.8435735565713
101	WGN55	7.49999999999991	0.429937875392877	1121	6.65642644342851	8.34357355657131
102	WGN55	5.9999999999999	0.429937875392878	1121	5.1564264434285	6.8435735565713
103	WGN55	7.4999999999999	0.429937875392876	1121	6.6564264434285	8.34357355657129
104	WGN55	5.99999999999991	0.429937875392876	1121	5.15642644342851	6.8435735565713
105	WGN55	6.99999999999991	0.429937875392878	1121	6.15642644342851	7.84357355657131
106	WGN55	5.49999999999991	0.429937875392877	1121	4.65642644342851	6.34357355657131
107	WGN55	4.99999999999991	0.429937875392876	1121	4.15642644342851	5.8435735565713
108	WGN55	6.49999999999991	0.429937875392877	1121	5.65642644342851	7.34357355657131
109	WGN55	5.9999999999999	0.429937875392877	1121	5.1564264434285	6.8435735565713
110	WGN55	5.99999999999991	0.429937875392876	1121	5.15642644342851	6.8435735565713
111	WGN55	7.9999999999999	0.429937875392876	1121	7.1564264434285	8.8435735565713
112	WGN55	6.4999999999999	0.429937875392876	1121	5.65642644342851	7.3435735565713
113	WGN55	7.99999999999991	0.429937875392877	1121	7.15642644342851	8.84357355657131
114	WGN55	5.9999999999999	0.429937875392877	1121	5.1564264434285	6.8435735565713
115	WGN55	5.99999999999991	0.429937875392877	1121	5.15642644342851	6.84357355657131
116	WGN55	5.99999999999991	0.429937875392876	1121	5.15642644342851	6.8435735565713
117	WGN55	5.9999999999999	0.429937875392876	1121	5.15642644342851	6.8435735565713
118	WGN55	7.4999999999999	0.429937875392877	1121	6.65642644342851	8.3435735565713
119	WGN55	6.4999999999999	0.429937875392877	1121	5.6564264434285	7.3435735565713
120	WGN55	9.10249554367193	0.608159436981162	1121	7.9092365902758	10.2957544970681
121	WGN55	5.9999999999999	0.429937875392877	1121	5.1564264434285	6.8435735565713
122	WGN55	7.9999999999999	0.429937875392876	1121	7.1564264434285	8.8435735565713
123	WGN55	5.49999999999991	0.429937875392876	1121	4.65642644342851	6.34357355657131
124	WGN55	7.9999999999999	0.429937875392877	1121	7.1564264434285	8.8435735565713
125	WGN55	6.4999999999999	0.429937875392876	1121	5.65642644342851	7.3435735565713
126	WGN55	5.9999999999999	0.429937875392876	1121	5.15642644342851	6.8435735565713
128	WGN55	6.4999999999999	0.429937875392876	1121	5.6564264434285	7.3435735565713
129	WGN55	5.9999999999999	0.429937875392876	1121	5.15642644342851	6.8435735565713
130	WGN55	7.4999999999999	0.429937875392876	1121	6.65642644342851	8.3435735565713
1	WGN63	6	0.429937875392871	1121	5.15642644342861	6.84357355657138
2	WGN63	6.49999999999994	0.429937875392874	1121	5.65642644342855	7.34357355657134
3	WGN63	5.99999999999993	0.429937875392876	1121	5.15642644342853	6.84357355657133
4	WGN63	6.49999999999996	0.429937875392882	1121	5.65642644342855	7.34357355657137
5	WGN63	6.49999999999994	0.429937875392875	1121	5.65642644342855	7.34357355657134
6	WGN63	8.49999999999984	0.429937875392874	1121	7.65642644342845	9.34357355657123
7	WGN63	6.99999999999993	0.429937875392877	1121	6.15642644342853	7.84357355657133
8	WGN63	5.99999999999994	0.429937875392879	1121	5.15642644342853	6.84357355657134
9	WGN63	6.99999999999994	0.429937875392876	1121	6.15642644342855	7.84357355657134
10	WGN63	6.99999999999996	0.42993787539288	1121	6.15642644342856	7.84357355657137
12	WGN63	6.99999999999995	0.42993787539288	1121	6.15642644342855	7.84357355657136
13	WGN63	5.49999999999996	0.429937875392876	1121	4.65642644342856	6.34357355657135
14	WGN63	5.99999999999995	0.429937875392874	1121	5.15642644342855	6.84357355657134
16	WGN63	5.49999999999994	0.429937875392877	1121	4.65642644342855	6.34357355657134
17	WGN63	5.99999999999994	0.429937875392878	1121	5.15642644342853	6.84357355657134
18	WGN63	5.99999999999994	0.429937875392877	1121	5.15642644342854	6.84357355657134
19	WGN63	6.49999999999994	0.42993787539288	1121	5.65642644342854	7.34357355657135
20	WGN63	6.49999999999995	0.429937875392878	1121	5.65642644342855	7.34357355657135
21	WGN63	7.99999999999993	0.429937875392878	1121	7.15642644342853	8.84357355657134
22	WGN63	5.99999999999994	0.429937875392876	1121	5.15642644342854	6.84357355657134
23	WGN63	7.49999999999994	0.429937875392877	1121	6.65642644342854	8.34357355657134
24	WGN63	5.99999999999993	0.429937875392875	1121	5.15642644342854	6.84357355657133
25	WGN63	5.99999999999992	0.429937875392878	1121	5.15642644342852	6.84357355657132
26	WGN63	5.99999999999992	0.429937875392875	1121	5.15642644342853	6.84357355657131
27	WGN63	5.99999999999994	0.429937875392878	1121	5.15642644342854	6.84357355657134
28	WGN63	5.99999999999993	0.42993787539288	1121	5.15642644342853	6.84357355657134
29	WGN63	5.99999999999994	0.429937875392875	1121	5.15642644342854	6.84357355657133
30	WGN63	5.99999999999994	0.429937875392876	1121	5.15642644342855	6.84357355657134
31	WGN63	5.99999999999994	0.429937875392877	1121	5.15642644342854	6.84357355657134
32	WGN63	5.99999999999994	0.429937875392877	1121	5.15642644342854	6.84357355657134
33	WGN63	5.99999999999994	0.429937875392878	1121	5.15642644342854	6.84357355657134
34	WGN63	5.99999999999994	0.429937875392878	1121	5.15642644342854	6.84357355657134
35	WGN63	5.99999999999993	0.429937875392876	1121	5.15642644342854	6.84357355657133
36	WGN63	5.99999999999994	0.42993787539288	1121	5.15642644342854	6.84357355657134
37	WGN63	5.99999999999993	0.429937875392877	1121	5.15642644342853	6.84357355657133
38	WGN63	6.10249554367196	0.608159436981161	1121	4.90923659027584	7.29575449706808
39	WGN63	7.10249554367195	0.608159436981161	1121	5.90923659027582	8.29575449706807
40	WGN63	5.99999999999994	0.429937875392877	1121	5.15642644342854	6.84357355657134
41	WGN63	5.99999999999993	0.429937875392876	1121	5.15642644342853	6.84357355657133
42	WGN63	5.49999999999994	0.429937875392874	1121	4.65642644342855	6.34357355657134
43	WGN63	5.99999999999994	0.429937875392876	1121	5.15642644342855	6.84357355657134
44	WGN63	5.49999999999994	0.429937875392878	1121	4.65642644342854	6.34357355657135
45	WGN63	7.49999999999993	0.429937875392874	1121	6.65642644342853	8.34357355657132
46	WGN63	5.99999999999994	0.429937875392879	1121	5.15642644342854	6.84357355657134
47	WGN63	5.99999999999994	0.429937875392877	1121	5.15642644342854	6.84357355657134
48	WGN63	5.99999999999994	0.429937875392877	1121	5.15642644342854	6.84357355657134
49	WGN63	5.99999999999994	0.429937875392875	1121	5.15642644342855	6.84357355657134
50	WGN63	5.99999999999994	0.429937875392878	1121	5.15642644342854	6.84357355657134
51	WGN63	5.99999999999994	0.429937875392877	1121	5.15642644342854	6.84357355657134
52	WGN63	5.99999999999994	0.429937875392876	1121	5.15642644342854	6.84357355657134
53	WGN63	5.99999999999994	0.429937875392876	1121	5.15642644342854	6.84357355657134
54	WGN63	5.99999999999994	0.429937875392879	1121	5.15642644342854	6.84357355657134
55	WGN63	6.49999999999995	0.429937875392875	1121	5.65642644342855	7.34357355657134
56	WGN63	5.49999999999995	0.429937875392878	1121	4.65642644342855	6.34357355657135
57	WGN63	7.99999999999993	0.429937875392875	1121	7.15642644342853	8.84357355657132
58	WGN63	5.99999999999994	0.42993787539288	1121	5.15642644342854	6.84357355657134
59	WGN63	5.99999999999994	0.429937875392876	1121	5.15642644342854	6.84357355657134
60	WGN63	6.49999999999992	0.429937875392876	1121	5.65642644342852	7.34357355657132
61	WGN63	6.99999999999993	0.429937875392876	1121	6.15642644342853	7.84357355657133
62	WGN63	5.99999999999994	0.429937875392877	1121	5.15642644342854	6.84357355657134
63	WGN63	5.89750445632793	0.608159436981161	1121	4.7042455029318	7.09076340972405
64	WGN63	5.99999999999994	0.429937875392879	1121	5.15642644342854	6.84357355657135
65	WGN63	5.99999999999995	0.429937875392878	1121	5.15642644342855	6.84357355657135
66	WGN63	5.99999999999994	0.429937875392879	1121	5.15642644342853	6.84357355657134
67	WGN63	5.99999999999994	0.429937875392878	1121	5.15642644342853	6.84357355657134
68	WGN63	5.99999999999994	0.429937875392878	1121	5.15642644342853	6.84357355657134
69	WGN63	5.99999999999994	0.429937875392878	1121	5.15642644342853	6.84357355657134
70	WGN63	6.49999999999994	0.429937875392876	1121	5.65642644342854	7.34357355657134
72	WGN63	5.99999999999994	0.429937875392877	1121	5.15642644342854	6.84357355657134
73	WGN63	5.99999999999995	0.429937875392876	1121	5.15642644342855	6.84357355657134
74	WGN63	6.49999999999994	0.429937875392877	1121	5.65642644342854	7.34357355657134
75	WGN63	6.99999999999994	0.429937875392877	1121	6.15642644342854	7.84357355657134
76	WGN63	6.49999999999994	0.429937875392878	1121	5.65642644342854	7.34357355657134
77	WGN63	5.49999999999994	0.429937875392877	1121	4.65642644342854	6.34357355657134
78	WGN63	5.49999999999994	0.429937875392879	1121	4.65642644342853	6.34357355657134
79	WGN63	6.99999999999993	0.429937875392876	1121	6.15642644342854	7.84357355657133
80	WGN63	5.99999999999994	0.429937875392876	1121	5.15642644342854	6.84357355657134
81	WGN63	6.49999999999994	0.429937875392877	1121	5.65642644342854	7.34357355657134
82	WGN63	6.49999999999994	0.429937875392878	1121	5.65642644342854	7.34357355657135
83	WGN63	6.49999999999994	0.429937875392877	1121	5.65642644342854	7.34357355657134
84	WGN63	5.99999999999994	0.429937875392878	1121	5.15642644342854	6.84357355657135
85	WGN63	6.49999999999994	0.429937875392877	1121	5.65642644342854	7.34357355657134
86	WGN63	5.99999999999994	0.429937875392876	1121	5.15642644342855	6.84357355657134
87	WGN63	5.99999999999994	0.429937875392875	1121	5.15642644342855	6.84357355657134
88	WGN63	7.99999999999993	0.429937875392876	1121	7.15642644342853	8.84357355657133
89	WGN63	5.99999999999994	0.429937875392877	1121	5.15642644342854	6.84357355657134
90	WGN63	7.10249554367196	0.608159436981161	1121	5.90923659027584	8.29575449706809
91	WGN63	5.49999999999994	0.429937875392877	1121	4.65642644342854	6.34357355657134
92	WGN63	5.99999999999994	0.429937875392878	1121	5.15642644342854	6.84357355657134
93	WGN63	6.49999999999994	0.429937875392877	1121	5.65642644342854	7.34357355657134
94	WGN63	6.99999999999994	0.429937875392877	1121	6.15642644342854	7.84357355657134
95	WGN63	6.49999999999994	0.429937875392876	1121	5.65642644342855	7.34357355657134
96	WGN63	5.49999999999994	0.429937875392876	1121	4.65642644342854	6.34357355657134
97	WGN63	5.99999999999994	0.429937875392878	1121	5.15642644342854	6.84357355657134
98	WGN63	5.89750445632792	0.608159436981161	1121	4.7042455029318	7.09076340972405
99	WGN63	5.89750445632793	0.608159436981162	1121	4.7042455029318	7.09076340972405
100	WGN63	5.99999999999995	0.429937875392877	1121	5.15642644342855	6.84357355657135
101	WGN63	6.89750445632793	0.608159436981162	1121	5.7042455029318	8.09076340972405
102	WGN63	5.99999999999994	0.429937875392877	1121	5.15642644342854	6.84357355657134
103	WGN63	6.49999999999994	0.429937875392877	1121	5.65642644342854	7.34357355657134
105	WGN63	5.99999999999994	0.429937875392877	1121	5.15642644342854	6.84357355657134
106	WGN63	4.99999999999994	0.429937875392877	1121	4.15642644342854	5.84357355657134
107	WGN63	5.99999999999994	0.429937875392876	1121	5.15642644342854	6.84357355657134
109	WGN63	5.99999999999994	0.429937875392877	1121	5.15642644342854	6.84357355657134
110	WGN63	7.10249554367196	0.608159436981161	1121	5.90923659027583	8.29575449706808
111	WGN63	5.99999999999994	0.429937875392877	1121	5.15642644342854	6.84357355657134
112	WGN63	7.49999999999994	0.429937875392877	1121	6.65642644342854	8.34357355657134
114	WGN63	6.99999999999994	0.429937875392877	1121	6.15642644342854	7.84357355657134
115	WGN63	7.49999999999994	0.429937875392877	1121	6.65642644342854	8.34357355657134
116	WGN63	7.99999999999994	0.429937875392877	1121	7.15642644342854	8.84357355657133
117	WGN63	6.49999999999994	0.429937875392877	1121	5.65642644342854	7.34357355657134
118	WGN63	5.99999999999994	0.429937875392877	1121	5.15642644342854	6.84357355657134
119	WGN63	7.49999999999994	0.429937875392877	1121	6.65642644342854	8.34357355657134
121	WGN63	5.99999999999994	0.429937875392877	1121	5.15642644342854	6.84357355657134
122	WGN63	5.99999999999994	0.429937875392877	1121	5.15642644342854	6.84357355657134
123	WGN63	5.99999999999994	0.429937875392877	1121	5.15642644342854	6.84357355657134
124	WGN63	5.99999999999994	0.429937875392877	1121	5.15642644342854	6.84357355657134
125	WGN63	6.10249554367196	0.608159436981161	1121	4.90923659027583	7.29575449706808
126	WGN63	5.49999999999994	0.429937875392877	1121	4.65642644342854	6.34357355657134
127	WGN63	5.99999999999994	0.429937875392877	1121	5.15642644342854	6.84357355657134
128	WGN63	5.49999999999994	0.429937875392877	1121	4.65642644342854	6.34357355657134
129	WGN63	5.99999999999994	0.429937875392877	1121	5.15642644342854	6.84357355657134
130	WGN63	5.99999999999994	0.429937875392877	1121	5.15642644342854	6.84357355657134
