plantID3	famID	emmean	SE	df	lower.CL	upper.CL
1	WGN07	7.50000000000035	0.408873240374716	1119	6.69775544417027	8.30224455583042
2	WGN07	7.00000000000076	0.408873240374956	1119	6.19775544417021	7.8022445558313
3	WGN07	7.49999999999961	0.408873240374978	1119	6.69775544416902	8.3022445558302
4	WGN07	5.50000000000018	0.408873240375011	1119	4.69775544416953	6.30224455583083
5	WGN07	8.00000000000002	0.408873240374996	1119	7.19775544416939	8.80224455583064
6	WGN07	5.00000000000004	0.408873240375001	1119	4.1977554441694	5.80224455583067
7	WGN07	7.49999999999993	0.408873240375012	1119	6.69775544416927	8.30224455583058
8	WGN07	8.00000000000006	0.408873240375003	1119	7.19775544416942	8.80224455583069
9	WGN07	8.00000000000006	0.408873240374996	1119	7.19775544416943	8.80224455583068
10	WGN07	6.00000000000011	0.408873240374989	1119	5.1977554441695	6.80224455583072
11	WGN07	7.50000000000004	0.408873240375012	1119	6.69775544416939	8.3022445558307
12	WGN07	7.00000000000005	0.408873240375008	1119	6.1977554441694	7.8022445558307
13	WGN07	7.50000000000003	0.408873240374984	1119	6.69775544416943	8.30224455583063
14	WGN07	8.00000000000004	0.408873240375003	1119	7.1977554441694	8.80224455583068
15	WGN07	7.50000000000004	0.408873240375003	1119	6.6977554441694	8.30224455583067
16	WGN07	7.50000000000015	0.408873240375012	1119	6.69775544416949	8.3022445558308
17	WGN07	8.50000000000004	0.408873240375	1119	7.69775544416941	9.30224455583067
18	WGN07	8.00000000000005	0.408873240374996	1119	7.19775544416942	8.80224455583067
20	WGN07	5.50000000000002	0.408873240374999	1119	4.69775544416939	6.30224455583064
21	WGN07	9.00000000000003	0.408873240374999	1119	8.1977554441694	9.80224455583066
22	WGN07	7.50000000000003	0.408873240375006	1119	6.69775544416939	8.30224455583068
23	WGN07	8.00000000000004	0.408873240375	1119	7.19775544416941	8.80224455583067
24	WGN07	7.00000000000002	0.408873240375	1119	6.19775544416938	7.80224455583065
25	WGN07	6.00000000000003	0.408873240375006	1119	5.19775544416938	6.80224455583067
26	WGN07	7.49999999999997	0.408873240375012	1119	6.69775544416931	8.30224455583062
27	WGN07	8.00000000000006	0.408873240375008	1119	7.19775544416941	8.8022445558307
28	WGN07	7.50000000000004	0.408873240374989	1119	6.69775544416943	8.30224455583065
29	WGN07	6.50000000000006	0.408873240374999	1119	5.69775544416943	7.30224455583069
30	WGN07	8.00000000000005	0.408873240374992	1119	7.19775544416943	8.80224455583066
31	WGN07	8.50000000000007	0.408873240374998	1119	7.69775544416944	9.3022445558307
32	WGN07	7.00000000000006	0.408873240374998	1119	6.19775544416943	7.80224455583069
33	WGN07	8.00000000000005	0.408873240375011	1119	7.1977554441694	8.8022445558307
34	WGN07	8.50000000000006	0.408873240375003	1119	7.69775544416942	9.30224455583069
35	WGN07	7.00000000000004	0.408873240374996	1119	6.19775544416941	7.80224455583066
36	WGN07	7.50000000000004	0.408873240375005	1119	6.6977554441694	8.30224455583069
37	WGN07	7.00000000000001	0.408873240375003	1119	6.19775544416937	7.80224455583064
38	WGN07	8.50000000000005	0.408873240375001	1119	7.69775544416942	9.30224455583068
39	WGN07	8.00000000000002	0.408873240374995	1119	7.1977554441694	8.80224455583064
40	WGN07	8.00000000000001	0.408873240374994	1119	7.19775544416939	8.80224455583063
41	WGN07	8.00000000000003	0.408873240374997	1119	7.19775544416941	8.80224455583066
42	WGN07	7.99999999999997	0.408873240374994	1119	7.19775544416935	8.80224455583059
44	WGN07	7.00000000000001	0.408873240375012	1119	6.19775544416936	7.80224455583067
46	WGN07	8.00000000000004	0.408873240374996	1119	7.19775544416942	8.80224455583066
47	WGN07	6.50000000000002	0.408873240375002	1119	5.69775544416939	7.30224455583066
48	WGN07	5.99999999999996	0.408873240375007	1119	5.19775544416931	6.8022445558306
49	WGN07	7.00000000000003	0.408873240375003	1119	6.19775544416939	7.80224455583067
50	WGN07	8.00000000000004	0.408873240374992	1119	7.19775544416942	8.80224455583065
51	WGN07	8.00000000000005	0.408873240374993	1119	7.19775544416943	8.80224455583067
52	WGN07	8.00000000000003	0.408873240374998	1119	7.1977554441694	8.80224455583065
53	WGN07	8.50000000000004	0.408873240374996	1119	7.69775544416942	9.30224455583066
54	WGN07	8.08928571428581	0.578363137535401	1119	6.95448736466687	9.22408406390475
55	WGN07	8.00000000000001	0.408873240374992	1119	7.19775544416939	8.80224455583062
56	WGN07	7.00000000000006	0.408873240374993	1119	6.19775544416944	7.80224455583067
57	WGN07	7.00000000000005	0.408873240375009	1119	6.1977554441694	7.8022445558307
58	WGN07	6.00000000000007	0.408873240375004	1119	5.19775544416943	6.8022445558307
59	WGN07	8.50000000000001	0.408873240375006	1119	7.69775544416937	9.30224455583066
60	WGN07	7.50000000000003	0.408873240375006	1119	6.69775544416938	8.30224455583067
61	WGN07	8.00000000000006	0.408873240374998	1119	7.19775544416943	8.80224455583068
62	WGN07	5.08928571428577	0.57836313753539	1119	3.95448736466686	6.22408406390469
63	WGN07	6.50000000000002	0.408873240375004	1119	5.69775544416938	7.30224455583066
64	WGN07	7.00000000000003	0.408873240374999	1119	6.1977554441694	7.80224455583066
66	WGN07	8.00000000000004	0.408873240374997	1119	7.19775544416942	8.80224455583067
67	WGN07	6.50000000000004	0.408873240375002	1119	5.6977554441694	7.30224455583067
68	WGN07	9.00000000000003	0.408873240374997	1119	8.19775544416941	9.80224455583066
69	WGN07	8.50000000000001	0.408873240374994	1119	7.69775544416939	9.30224455583063
71	WGN07	5.50000000000009	0.408873240374994	1119	4.69775544416947	6.3022445558307
73	WGN07	6.00000000000003	0.408873240374997	1119	5.19775544416941	6.80224455583066
74	WGN07	8.00000000000003	0.408873240375	1119	7.1977554441694	8.80224455583066
75	WGN07	6.00000000000003	0.408873240374999	1119	5.1977554441694	6.80224455583066
76	WGN07	7.00000000000007	0.408873240375	1119	6.19775544416944	7.8022445558307
77	WGN07	8.00000000000004	0.408873240375003	1119	7.19775544416941	8.80224455583068
78	WGN07	7.00000000000004	0.408873240375001	1119	6.1977554441694	7.80224455583067
79	WGN07	8.5	0.408873240374988	1119	7.69775544416939	9.30224455583061
80	WGN07	6.5000000000001	0.408873240375003	1119	5.69775544416946	7.30224455583073
81	WGN07	7.00000000000004	0.408873240374996	1119	6.19775544416942	7.80224455583067
82	WGN07	6.5000000000001	0.40887324037499	1119	5.69775544416949	7.30224455583072
83	WGN07	6.00000000000003	0.408873240375005	1119	5.19775544416939	6.80224455583067
84	WGN07	6.49999999999992	0.408873240375006	1119	5.69775544416927	7.30224455583056
85	WGN07	7.5000000000001	0.408873240375006	1119	6.69775544416945	8.30224455583074
86	WGN07	7.00000000000004	0.408873240374991	1119	6.19775544416943	7.80224455583065
87	WGN07	7.50000000000004	0.408873240374999	1119	6.69775544416941	8.30224455583067
88	WGN07	7.00000000000004	0.408873240374999	1119	6.19775544416941	7.80224455583067
89	WGN07	7.50000000000007	0.408873240374995	1119	6.69775544416945	8.30224455583069
90	WGN07	7.00000000000002	0.408873240375002	1119	6.19775544416939	7.80224455583066
91	WGN07	8.00000000000003	0.408873240375004	1119	7.19775544416939	8.80224455583067
92	WGN07	5.50000000000004	0.408873240374998	1119	4.69775544416941	6.30224455583066
93	WGN07	8.00000000000009	0.408873240374992	1119	7.19775544416948	8.80224455583071
94	WGN07	8.00000000000007	0.408873240374988	1119	7.19775544416946	8.80224455583068
95	WGN07	8.00000000000004	0.408873240374993	1119	7.19775544416942	8.80224455583065
96	WGN07	6.00000000000005	0.408873240375	1119	5.19775544416941	6.80224455583068
97	WGN07	8.50000000000002	0.408873240375	1119	7.69775544416939	9.30224455583065
98	WGN07	5.99999999999999	0.408873240375002	1119	5.19775544416936	6.80224455583063
99	WGN07	7.5000000000001	0.408873240374988	1119	6.6977554441695	8.30224455583071
100	WGN07	6.50000000000006	0.408873240374998	1119	5.69775544416943	7.30224455583068
101	WGN07	6.00000000000004	0.408873240375005	1119	5.19775544416939	6.80224455583068
102	WGN07	7.50000000000004	0.408873240374998	1119	6.69775544416941	8.30224455583066
103	WGN07	8.00000000000009	0.408873240374997	1119	7.19775544416947	8.80224455583072
104	WGN07	6.99999999999999	0.408873240374997	1119	6.19775544416936	7.80224455583061
105	WGN07	8.50000000000003	0.408873240375	1119	7.6977554441694	9.30224455583066
106	WGN07	7.50000000000002	0.408873240375003	1119	6.69775544416938	8.30224455583066
107	WGN07	8.00000000000003	0.408873240374992	1119	7.19775544416942	8.80224455583065
108	WGN07	7.00000000000002	0.408873240375001	1119	6.19775544416938	7.80224455583065
109	WGN07	6.50000000000001	0.408873240375002	1119	5.69775544416938	7.30224455583065
110	WGN07	7.50000000000004	0.408873240374997	1119	6.69775544416942	8.30224455583067
111	WGN07	7.50000000000003	0.408873240374994	1119	6.69775544416941	8.30224455583065
112	WGN07	7.00000000000004	0.408873240375001	1119	6.19775544416941	7.80224455583068
113	WGN07	7.50000000000009	0.408873240374993	1119	6.69775544416947	8.3022445558307
114	WGN07	6.00000000000005	0.408873240374998	1119	5.19775544416942	6.80224455583068
115	WGN07	8.00000000000002	0.408873240375001	1119	7.19775544416939	8.80224455583065
116	WGN07	8.00000000000004	0.408873240375002	1119	7.1977554441694	8.80224455583067
117	WGN07	7.5	0.408873240375001	1119	6.69775544416936	8.30224455583063
118	WGN07	6.00000000000003	0.408873240374995	1119	5.19775544416941	6.80224455583066
119	WGN07	6.99999999999999	0.408873240375008	1119	6.19775544416935	7.80224455583064
120	WGN07	7.50000000000004	0.408873240375	1119	6.69775544416941	8.30224455583067
121	WGN07	8.50000000000004	0.408873240375	1119	7.69775544416941	9.30224455583067
122	WGN07	6.91071428571436	0.578363137535367	1119	5.77591593609548	8.04551263533323
123	WGN07	7.50000000000006	0.408873240374992	1119	6.69775544416945	8.30224455583068
124	WGN07	8.00000000000004	0.408873240374998	1119	7.19775544416941	8.80224455583067
125	WGN07	7.00000000000004	0.408873240374996	1119	6.19775544416942	7.80224455583067
126	WGN07	6	0.408873240375	1119	5.19775544416937	6.80224455583063
127	WGN07	6.50000000000005	0.408873240374997	1119	5.69775544416942	7.30224455583067
128	WGN07	7.50000000000002	0.408873240375002	1119	6.69775544416938	8.30224455583066
129	WGN07	8.00000000000002	0.408873240375	1119	7.19775544416939	8.80224455583065
130	WGN07	6.50000000000004	0.408873240374991	1119	5.69775544416943	7.30224455583065
1	WGN15	7.99999999999983	0.408873240374984	1119	7.19775544416923	8.80224455583043
2	WGN15	6	0.408873240375002	1119	5.19775544416937	6.80224455583063
3	WGN15	6.00000000000007	0.408873240374994	1119	5.19775544416945	6.80224455583069
4	WGN15	6.00000000000008	0.408873240374995	1119	5.19775544416946	6.8022445558307
5	WGN15	7.50000000000002	0.408873240375007	1119	6.69775544416938	8.30224455583066
7	WGN15	6.49999999999999	0.408873240375008	1119	5.69775544416934	7.30224455583063
8	WGN15	7.50000000000007	0.408873240374994	1119	6.69775544416945	8.30224455583069
9	WGN15	7.00000000000001	0.408873240375004	1119	6.19775544416937	7.80224455583065
10	WGN15	6.50000000000006	0.408873240374998	1119	5.69775544416944	7.30224455583069
11	WGN15	7.50000000000007	0.408873240374999	1119	6.69775544416944	8.3022445558307
12	WGN15	6.5	0.408873240375002	1119	5.69775544416937	7.30224455583064
13	WGN15	8.00000000000007	0.408873240375004	1119	7.19775544416943	8.80224455583071
14	WGN15	6.99999999999999	0.408873240375006	1119	6.19775544416935	7.80224455583063
15	WGN15	8.00000000000007	0.408873240374991	1119	7.19775544416945	8.80224455583068
16	WGN15	7.00000000000012	0.408873240374991	1119	6.19775544416951	7.80224455583073
17	WGN15	8.91071428571428	0.578363137535373	1119	7.7759159360954	10.0455126353332
18	WGN15	7.00000000000006	0.408873240374995	1119	6.19775544416944	7.80224455583068
19	WGN15	5.99999999999997	0.408873240375004	1119	5.19775544416933	6.80224455583061
20	WGN15	8.00000000000009	0.408873240375002	1119	7.19775544416946	8.80224455583073
21	WGN15	7.00000000000006	0.408873240374995	1119	6.19775544416944	7.80224455583068
22	WGN15	7.50000000000005	0.408873240375	1119	6.69775544416941	8.30224455583068
23	WGN15	9.00000000000003	0.408873240374998	1119	8.1977554441694	9.80224455583066
24	WGN15	5.91071428571425	0.578363137535385	1119	4.77591593609534	7.04551263533316
25	WGN15	8.00000000000006	0.408873240375008	1119	7.19775544416942	8.80224455583071
26	WGN15	6.00000000000004	0.408873240374999	1119	5.19775544416941	6.80224455583067
27	WGN15	8.00000000000003	0.408873240374996	1119	7.19775544416941	8.80224455583065
28	WGN15	7.00000000000003	0.408873240375001	1119	6.1977554441694	7.80224455583066
29	WGN15	7.50000000000005	0.408873240375	1119	6.69775544416942	8.30224455583068
30	WGN15	7.50000000000003	0.408873240374998	1119	6.69775544416941	8.30224455583066
31	WGN15	6.91071428571428	0.578363137535387	1119	5.77591593609537	8.04551263533319
32	WGN15	7.50000000000006	0.408873240374991	1119	6.69775544416945	8.30224455583068
33	WGN15	7.00000000000007	0.408873240374993	1119	6.19775544416945	7.80224455583069
34	WGN15	8.00000000000001	0.408873240375	1119	7.19775544416937	8.80224455583064
35	WGN15	8.00000000000004	0.408873240375	1119	7.19775544416941	8.80224455583067
36	WGN15	6.50000000000007	0.408873240375007	1119	5.69775544416942	7.30224455583071
37	WGN15	6.00000000000002	0.408873240374998	1119	5.19775544416939	6.80224455583065
38	WGN15	6.50000000000003	0.408873240374999	1119	5.6977554441694	7.30224455583066
39	WGN15	7.50000000000004	0.408873240374996	1119	6.69775544416942	8.30224455583066
40	WGN15	8.50000000000005	0.408873240375	1119	7.69775544416942	9.30224455583068
41	WGN15	7.00000000000006	0.408873240375002	1119	6.19775544416942	7.80224455583069
43	WGN15	8.50000000000004	0.408873240375009	1119	7.69775544416939	9.30224455583069
44	WGN15	6.50000000000005	0.408873240375	1119	5.69775544416942	7.30224455583069
45	WGN15	6.50000000000004	0.408873240375001	1119	5.69775544416941	7.30224455583067
46	WGN15	6.50000000000008	0.408873240374996	1119	5.69775544416946	7.3022445558307
47	WGN15	6.50000000000004	0.408873240375	1119	5.69775544416941	7.30224455583067
48	WGN15	7.00000000000005	0.408873240375001	1119	6.19775544416941	7.80224455583068
50	WGN15	7.50000000000005	0.408873240374997	1119	6.69775544416942	8.30224455583067
51	WGN15	7.50000000000003	0.408873240375005	1119	6.69775544416939	8.30224455583068
52	WGN15	6.50000000000009	0.408873240374991	1119	5.69775544416948	7.3022445558307
53	WGN15	6.00000000000005	0.408873240375003	1119	5.19775544416942	6.80224455583069
54	WGN15	6.50000000000005	0.408873240375	1119	5.69775544416941	7.30224455583068
55	WGN15	8.00000000000004	0.408873240375003	1119	7.19775544416941	8.80224455583068
56	WGN15	8.00000000000007	0.408873240375003	1119	7.19775544416943	8.80224455583071
57	WGN15	6.50000000000004	0.408873240374992	1119	5.69775544416942	7.30224455583065
58	WGN15	6.50000000000008	0.40887324037499	1119	5.69775544416947	7.30224455583069
59	WGN15	6.50000000000004	0.408873240374998	1119	5.69775544416941	7.30224455583066
60	WGN15	7.00000000000002	0.408873240374998	1119	6.19775544416939	7.80224455583064
61	WGN15	8.50000000000007	0.408873240374999	1119	7.69775544416945	9.3022445558307
62	WGN15	8.0000000000001	0.408873240374985	1119	7.1977554441695	8.8022445558307
63	WGN15	8.00000000000003	0.408873240375003	1119	7.19775544416939	8.80224455583067
64	WGN15	7.50000000000003	0.408873240374997	1119	6.69775544416941	8.30224455583066
65	WGN15	7.00000000000006	0.408873240374998	1119	6.19775544416943	7.80224455583068
66	WGN15	6.49999999999999	0.408873240375004	1119	5.69775544416936	7.30224455583063
67	WGN15	8.00000000000003	0.408873240374999	1119	7.1977554441694	8.80224455583066
69	WGN15	7.50000000000004	0.408873240375002	1119	6.6977554441694	8.30224455583067
70	WGN15	7.50000000000004	0.408873240375001	1119	6.69775544416941	8.30224455583067
71	WGN15	8.00000000000006	0.408873240374999	1119	7.19775544416943	8.80224455583068
72	WGN15	5.91071428571422	0.578363137535396	1119	4.77591593609529	7.04551263533315
73	WGN15	7.00000000000006	0.408873240374994	1119	6.19775544416944	7.80224455583068
74	WGN15	7.00000000000006	0.408873240374998	1119	6.19775544416944	7.80224455583069
75	WGN15	7.91071428571429	0.578363137535374	1119	6.77591593609541	9.04551263533318
77	WGN15	7.00000000000006	0.408873240374997	1119	6.19775544416944	7.80224455583069
78	WGN15	6.50000000000007	0.408873240374999	1119	5.69775544416944	7.3022445558307
79	WGN15	6.00000000000009	0.408873240374998	1119	5.19775544416946	6.80224455583072
80	WGN15	6.00000000000003	0.408873240375002	1119	5.1977554441694	6.80224455583067
81	WGN15	8.50000000000004	0.408873240374999	1119	7.69775544416941	9.30224455583067
82	WGN15	6.00000000000007	0.408873240375001	1119	5.19775544416943	6.8022445558307
83	WGN15	8.50000000000005	0.408873240375002	1119	7.69775544416942	9.30224455583069
84	WGN15	7.5000000000001	0.408873240374996	1119	6.69775544416947	8.30224455583072
85	WGN15	8.00000000000005	0.408873240375006	1119	7.19775544416941	8.8022445558307
86	WGN15	6.00000000000004	0.408873240374998	1119	5.19775544416941	6.80224455583067
87	WGN15	7.50000000000007	0.408873240374993	1119	6.69775544416945	8.30224455583069
88	WGN15	7.00000000000004	0.408873240375001	1119	6.19775544416941	7.80224455583067
89	WGN15	7.50000000000003	0.408873240374993	1119	6.69775544416941	8.30224455583065
90	WGN15	7.00000000000004	0.408873240374997	1119	6.19775544416942	7.80224455583067
91	WGN15	6.00000000000002	0.408873240374999	1119	5.19775544416939	6.80224455583065
92	WGN15	6.00000000000001	0.408873240375	1119	5.19775544416938	6.80224455583064
93	WGN15	7	0.408873240375001	1119	6.19775544416936	7.80224455583063
94	WGN15	6.50000000000003	0.408873240375003	1119	5.69775544416939	7.30224455583067
95	WGN15	7.00000000000002	0.408873240375002	1119	6.19775544416938	7.80224455583065
96	WGN15	6.5	0.408873240375005	1119	5.69775544416936	7.30224455583064
97	WGN15	7.00000000000005	0.408873240375001	1119	6.19775544416942	7.80224455583068
98	WGN15	6.50000000000005	0.408873240374999	1119	5.69775544416942	7.30224455583068
99	WGN15	8.00000000000005	0.408873240375001	1119	7.19775544416942	8.80224455583068
100	WGN15	6.50000000000006	0.408873240375	1119	5.69775544416943	7.30224455583069
101	WGN15	8.00000000000001	0.408873240375001	1119	7.19775544416938	8.80224455583065
102	WGN15	6.50000000000001	0.408873240375003	1119	5.69775544416937	7.30224455583065
103	WGN15	7.00000000000005	0.408873240374998	1119	6.19775544416943	7.80224455583068
104	WGN15	6.08928571428577	0.578363137535374	1119	4.95448736466689	7.22408406390466
106	WGN15	6.00000000000004	0.408873240375001	1119	5.19775544416941	6.80224455583067
107	WGN15	8.50000000000004	0.408873240374993	1119	7.69775544416942	9.30224455583066
108	WGN15	8.50000000000002	0.408873240375	1119	7.69775544416939	9.30224455583065
109	WGN15	7.50000000000005	0.408873240374998	1119	6.69775544416942	8.30224455583068
110	WGN15	7.50000000000003	0.408873240374997	1119	6.6977554441694	8.30224455583066
111	WGN15	6.50000000000003	0.408873240374997	1119	5.69775544416941	7.30224455583066
112	WGN15	8.00000000000001	0.408873240375006	1119	7.19775544416937	8.80224455583066
113	WGN15	6.5	0.408873240375002	1119	5.69775544416937	7.30224455583064
114	WGN15	7.00000000000003	0.408873240374997	1119	6.19775544416941	7.80224455583066
115	WGN15	6.00000000000006	0.408873240374997	1119	5.19775544416943	6.80224455583068
116	WGN15	7.00000000000003	0.408873240375002	1119	6.19775544416939	7.80224455583066
117	WGN15	7.00000000000005	0.408873240375	1119	6.19775544416942	7.80224455583068
118	WGN15	8.00000000000005	0.408873240374998	1119	7.19775544416942	8.80224455583067
119	WGN15	7.50000000000001	0.408873240374999	1119	6.69775544416938	8.30224455583064
120	WGN15	8.00000000000004	0.408873240375002	1119	7.19775544416941	8.80224455583068
121	WGN15	6.50000000000001	0.408873240375008	1119	5.69775544416936	7.30224455583065
122	WGN15	6.00000000000004	0.408873240374998	1119	5.19775544416941	6.80224455583066
123	WGN15	8.50000000000004	0.408873240374999	1119	7.69775544416941	9.30224455583066
124	WGN15	7.50000000000001	0.408873240375002	1119	6.69775544416937	8.30224455583064
125	WGN15	7.00000000000003	0.408873240375004	1119	6.19775544416939	7.80224455583067
126	WGN15	7.00000000000002	0.408873240374996	1119	6.1977554441694	7.80224455583064
127	WGN15	7.00000000000003	0.408873240375001	1119	6.1977554441694	7.80224455583067
128	WGN15	8.00000000000004	0.408873240374995	1119	7.19775544416942	8.80224455583067
129	WGN15	6.00000000000002	0.408873240375001	1119	5.19775544416939	6.80224455583065
130	WGN15	7.50000000000005	0.408873240375007	1119	6.6977554441694	8.30224455583069
3	WGN26	6.00000000000004	0.408873240374994	1119	5.19775544416942	6.80224455583066
4	WGN26	6.99999999999997	0.408873240374991	1119	6.19775544416936	7.80224455583059
5	WGN26	6.50000000000003	0.408873240375004	1119	5.69775544416939	7.30224455583067
6	WGN26	8.00000000000009	0.408873240375002	1119	7.19775544416945	8.80224455583072
7	WGN26	7.00000000000002	0.408873240374999	1119	6.19775544416939	7.80224455583065
8	WGN26	5.91071428571434	0.578363137535386	1119	4.77591593609542	7.04551263533325
9	WGN26	6.00000000000003	0.408873240375004	1119	5.19775544416939	6.80224455583067
10	WGN26	6.00000000000002	0.408873240374998	1119	5.19775544416939	6.80224455583065
11	WGN26	5.91071428571431	0.578363137535372	1119	4.77591593609542	7.04551263533319
12	WGN26	6.00000000000004	0.408873240374992	1119	5.19775544416942	6.80224455583065
13	WGN26	8.00000000000004	0.408873240375003	1119	7.1977554441694	8.80224455583068
14	WGN26	6.00000000000002	0.408873240374997	1119	5.19775544416939	6.80224455583064
15	WGN26	8.00000000000003	0.408873240375	1119	7.1977554441694	8.80224455583066
17	WGN26	7.99999999999997	0.408873240374993	1119	7.19775544416935	8.80224455583059
18	WGN26	6.91071428571438	0.578363137535387	1119	5.77591593609546	8.04551263533329
19	WGN26	7.08928571428578	0.578363137535385	1119	5.95448736466687	8.22408406390469
20	WGN26	7.9107142857143	0.578363137535376	1119	6.77591593609541	9.04551263533319
21	WGN26	6.50000000000001	0.408873240375005	1119	5.69775544416937	7.30224455583065
22	WGN26	7.99999999999997	0.408873240374994	1119	7.19775544416935	8.80224455583059
23	WGN26	8.00000000000009	0.408873240375003	1119	7.19775544416945	8.80224455583073
25	WGN26	7.50000000000002	0.408873240375001	1119	6.69775544416938	8.30224455583065
26	WGN26	7.49999999999999	0.408873240374999	1119	6.69775544416937	8.30224455583062
27	WGN26	6.00000000000004	0.408873240374994	1119	5.19775544416942	6.80224455583066
28	WGN26	6.50000000000002	0.408873240375002	1119	5.69775544416939	7.30224455583066
29	WGN26	6.00000000000005	0.408873240374995	1119	5.19775544416942	6.80224455583067
30	WGN26	6.50000000000001	0.408873240374997	1119	5.69775544416939	7.30224455583064
31	WGN26	7.50000000000007	0.408873240375004	1119	6.69775544416943	8.30224455583071
32	WGN26	6.00000000000004	0.408873240375004	1119	5.1977554441694	6.80224455583068
33	WGN26	6.91071428571431	0.578363137535379	1119	5.77591593609541	8.04551263533321
34	WGN26	7.00000000000005	0.408873240375002	1119	6.19775544416941	7.80224455583068
35	WGN26	6.50000000000002	0.408873240375003	1119	5.69775544416938	7.30224455583065
36	WGN26	7.00000000000006	0.408873240375006	1119	6.19775544416942	7.80224455583071
38	WGN26	6	0.408873240375004	1119	5.19775544416936	6.80224455583064
39	WGN26	6.00000000000002	0.408873240375009	1119	5.19775544416937	6.80224455583067
40	WGN26	6.5	0.408873240374999	1119	5.69775544416937	7.30224455583063
41	WGN26	6.08928571428576	0.578363137535381	1119	4.95448736466686	7.22408406390466
42	WGN26	8	0.408873240374998	1119	7.19775544416937	8.80224455583062
43	WGN26	7.00000000000002	0.408873240375003	1119	6.19775544416939	7.80224455583066
44	WGN26	8.00000000000005	0.408873240374999	1119	7.19775544416942	8.80224455583068
45	WGN26	7.50000000000009	0.408873240375002	1119	6.69775544416945	8.30224455583072
46	WGN26	7.99999999999999	0.408873240374995	1119	7.19775544416937	8.80224455583061
47	WGN26	7.00000000000006	0.408873240375001	1119	6.19775544416943	7.80224455583069
48	WGN26	8.00000000000002	0.408873240375	1119	7.19775544416938	8.80224455583065
49	WGN26	6.00000000000004	0.408873240374993	1119	5.19775544416943	6.80224455583066
50	WGN26	7.5	0.408873240374998	1119	6.69775544416937	8.30224455583062
51	WGN26	7.9107142857143	0.578363137535377	1119	6.77591593609541	9.04551263533319
52	WGN26	6.50000000000004	0.408873240375	1119	5.69775544416941	7.30224455583067
53	WGN26	6.50000000000002	0.40887324037499	1119	5.69775544416941	7.30224455583063
54	WGN26	6.50000000000003	0.408873240375002	1119	5.69775544416939	7.30224455583066
55	WGN26	8.49999999999998	0.408873240374997	1119	7.69775544416936	9.30224455583061
56	WGN26	6.99999999999999	0.408873240374997	1119	6.19775544416937	7.80224455583062
57	WGN26	6.50000000000003	0.408873240375004	1119	5.69775544416939	7.30224455583067
58	WGN26	7.50000000000002	0.408873240375	1119	6.69775544416938	8.30224455583065
59	WGN26	8.08928571428569	0.578363137535371	1119	6.95448736466681	9.22408406390458
60	WGN26	7.50000000000001	0.408873240374999	1119	6.69775544416939	8.30224455583064
61	WGN26	6.00000000000001	0.408873240375002	1119	5.19775544416937	6.80224455583064
62	WGN26	6.5	0.408873240374995	1119	5.69775544416938	7.30224455583063
64	WGN26	6.00000000000002	0.408873240375002	1119	5.19775544416938	6.80224455583065
65	WGN26	8.00000000000003	0.408873240375003	1119	7.1977554441694	8.80224455583067
66	WGN26	8.00000000000001	0.408873240374998	1119	7.19775544416939	8.80224455583064
67	WGN26	6.00000000000001	0.408873240374996	1119	5.19775544416939	6.80224455583063
68	WGN26	8.00000000000001	0.408873240374999	1119	7.19775544416939	8.80224455583064
69	WGN26	8.00000000000005	0.408873240375	1119	7.19775544416942	8.80224455583068
70	WGN26	6.50000000000001	0.408873240374995	1119	5.69775544416938	7.30224455583063
71	WGN26	7.00000000000003	0.408873240374999	1119	6.1977554441694	7.80224455583066
72	WGN26	5.08928571428576	0.578363137535379	1119	3.95448736466687	6.22408406390466
73	WGN26	6.00000000000002	0.408873240375002	1119	5.19775544416939	6.80224455583066
74	WGN26	6.00000000000002	0.408873240374998	1119	5.19775544416939	6.80224455583065
75	WGN26	7.00000000000004	0.408873240375005	1119	6.1977554441694	7.80224455583068
76	WGN26	7.00000000000004	0.408873240375003	1119	6.19775544416941	7.80224455583068
77	WGN26	6.99999999999999	0.408873240374993	1119	6.19775544416937	7.80224455583061
78	WGN26	7.00000000000001	0.408873240374999	1119	6.19775544416938	7.80224455583064
79	WGN26	6.91071428571429	0.578363137535373	1119	5.77591593609541	8.04551263533318
80	WGN26	6.00000000000002	0.408873240375	1119	5.19775544416939	6.80224455583065
81	WGN26	7.50000000000002	0.408873240374998	1119	6.69775544416939	8.30224455583065
82	WGN26	7.00000000000003	0.408873240374997	1119	6.1977554441694	7.80224455583065
83	WGN26	6.00000000000001	0.408873240374999	1119	5.19775544416938	6.80224455583064
85	WGN26	6.08928571428575	0.578363137535376	1119	4.95448736466686	7.22408406390464
86	WGN26	6.08928571428575	0.578363137535384	1119	4.95448736466685	7.22408406390466
87	WGN26	8.50000000000004	0.408873240374997	1119	7.69775544416941	9.30224455583067
88	WGN26	6.50000000000003	0.408873240374998	1119	5.69775544416941	7.30224455583066
89	WGN26	6.50000000000002	0.408873240374998	1119	5.69775544416939	7.30224455583065
90	WGN26	6.00000000000002	0.408873240375001	1119	5.19775544416939	6.80224455583065
91	WGN26	6.50000000000002	0.408873240374997	1119	5.6977554441694	7.30224455583065
92	WGN26	6.00000000000002	0.408873240375	1119	5.19775544416939	6.80224455583065
93	WGN26	7.50000000000004	0.408873240375001	1119	6.69775544416941	8.30224455583068
94	WGN26	6.00000000000003	0.408873240374996	1119	5.19775544416941	6.80224455583065
95	WGN26	8.00000000000003	0.408873240375002	1119	7.19775544416939	8.80224455583066
96	WGN26	6.50000000000004	0.408873240374999	1119	5.69775544416941	7.30224455583067
97	WGN26	7.00000000000003	0.408873240374999	1119	6.1977554441694	7.80224455583066
98	WGN26	6.00000000000002	0.408873240374996	1119	5.1977554441694	6.80224455583065
99	WGN26	7.99999999999999	0.408873240374997	1119	7.19775544416937	8.80224455583062
100	WGN26	5.50000000000001	0.408873240374998	1119	4.69775544416938	6.30224455583064
101	WGN26	6.00000000000002	0.408873240375	1119	5.19775544416939	6.80224455583065
102	WGN26	6.00000000000003	0.408873240374999	1119	5.1977554441694	6.80224455583066
103	WGN26	6.00000000000004	0.408873240375002	1119	5.1977554441694	6.80224455583067
104	WGN26	6.00000000000003	0.408873240374999	1119	5.1977554441694	6.80224455583066
105	WGN26	7.50000000000002	0.408873240374998	1119	6.69775544416939	8.30224455583065
106	WGN26	6.00000000000004	0.408873240374999	1119	5.19775544416941	6.80224455583067
108	WGN26	7.99999999999997	0.408873240374991	1119	7.19775544416936	8.80224455583058
109	WGN26	7.50000000000005	0.408873240375002	1119	6.69775544416942	8.30224455583069
111	WGN26	6.50000000000003	0.408873240374998	1119	5.6977554441694	7.30224455583065
112	WGN26	6.00000000000004	0.408873240375001	1119	5.19775544416941	6.80224455583067
113	WGN26	6.08928571428573	0.578363137535372	1119	4.95448736466685	7.22408406390462
115	WGN26	8.00000000000003	0.408873240374999	1119	7.1977554441694	8.80224455583066
116	WGN26	7.00000000000002	0.408873240374999	1119	6.19775544416939	7.80224455583064
117	WGN26	8.08928571428573	0.578363137535378	1119	6.95448736466683	9.22408406390462
118	WGN26	8.00000000000002	0.408873240374998	1119	7.1977554441694	8.80224455583065
119	WGN26	6.50000000000003	0.408873240375002	1119	5.69775544416939	7.30224455583066
121	WGN26	8.00000000000004	0.408873240375	1119	7.19775544416941	8.80224455583067
122	WGN26	7.00000000000004	0.408873240375	1119	6.19775544416941	7.80224455583067
123	WGN26	6.50000000000004	0.408873240374997	1119	5.69775544416941	7.30224455583067
124	WGN26	7.91071428571431	0.578363137535374	1119	6.77591593609542	9.0455126353332
125	WGN26	8.00000000000002	0.408873240375	1119	7.19775544416939	8.80224455583065
126	WGN26	5.00000000000004	0.408873240374998	1119	4.19775544416941	5.80224455583067
127	WGN26	8.00000000000005	0.408873240375003	1119	7.19775544416942	8.80224455583069
128	WGN26	6.00000000000002	0.408873240374999	1119	5.19775544416939	6.80224455583065
129	WGN26	6.91071428571428	0.578363137535378	1119	5.77591593609539	8.04551263533318
130	WGN26	6.00000000000004	0.408873240374987	1119	5.19775544416943	6.80224455583064
1	WGN36	7.50000000000117	0.408873240374944	1119	6.69775544417064	8.30224455583169
2	WGN36	6.00000000000006	0.408873240374987	1119	5.19775544416946	6.80224455583067
4	WGN36	7.99999999999996	0.408873240375	1119	7.19775544416933	8.80224455583059
5	WGN36	5.99999999999998	0.408873240374998	1119	5.19775544416935	6.80224455583061
6	WGN36	6.00000000000001	0.408873240374995	1119	5.19775544416939	6.80224455583063
7	WGN36	6.49999999999993	0.408873240375009	1119	5.69775544416928	7.30224455583058
8	WGN36	5.99999999999998	0.408873240374996	1119	5.19775544416935	6.8022445558306
9	WGN36	5.91071428571431	0.578363137535369	1119	4.77591593609543	7.04551263533319
10	WGN36	6.50000000000005	0.408873240374996	1119	5.69775544416943	7.30224455583067
11	WGN36	5.99999999999997	0.408873240375007	1119	5.19775544416932	6.80224455583061
12	WGN36	6.91071428571428	0.57836313753537	1119	5.7759159360954	8.04551263533316
13	WGN36	6.49999999999994	0.408873240375006	1119	5.69775544416929	7.30224455583058
14	WGN36	7	0.408873240375002	1119	6.19775544416936	7.80224455583063
15	WGN36	7.49999999999997	0.408873240374996	1119	6.69775544416935	8.3022445558306
16	WGN36	5.99999999999997	0.408873240374998	1119	5.19775544416934	6.80224455583059
17	WGN36	6.49999999999996	0.408873240374999	1119	5.69775544416933	7.30224455583059
18	WGN36	6.99999999999995	0.408873240375005	1119	6.19775544416931	7.80224455583059
19	WGN36	6.49999999999995	0.408873240375006	1119	5.69775544416931	7.3022445558306
20	WGN36	5.99999999999988	0.408873240375009	1119	5.19775544416923	6.80224455583053
21	WGN36	6.00000000000003	0.408873240374993	1119	5.19775544416941	6.80224455583064
22	WGN36	7.99999999999994	0.408873240375001	1119	7.19775544416931	8.80224455583058
23	WGN36	6.99999999999995	0.408873240375001	1119	6.19775544416932	7.80224455583058
24	WGN36	7.49999999999997	0.408873240375006	1119	6.69775544416932	8.30224455583061
26	WGN36	6.49999999999994	0.408873240375002	1119	5.6977554441693	7.30224455583057
27	WGN36	5.99999999999991	0.408873240375006	1119	5.19775544416927	6.80224455583055
28	WGN36	6.49999999999997	0.408873240375001	1119	5.69775544416934	7.3022445558306
30	WGN36	9.00000000000008	0.408873240375003	1119	8.19775544416944	9.80224455583072
31	WGN36	6.99999999999995	0.408873240374994	1119	6.19775544416933	7.80224455583057
32	WGN36	6	0.408873240374994	1119	5.19775544416938	6.80224455583062
33	WGN36	7.49999999999997	0.408873240374991	1119	6.69775544416936	8.30224455583059
34	WGN36	6.99999999999995	0.408873240375002	1119	6.19775544416931	7.80224455583058
35	WGN36	6.49999999999998	0.408873240374997	1119	5.69775544416935	7.3022445558306
36	WGN36	7.49999999999993	0.408873240375003	1119	6.69775544416929	8.30224455583057
37	WGN36	5.99999999999998	0.408873240374998	1119	5.19775544416935	6.8022445558306
38	WGN36	5.91071428571423	0.578363137535377	1119	4.77591593609534	7.04551263533312
39	WGN36	6.99999999999996	0.408873240374998	1119	6.19775544416933	7.80224455583059
40	WGN36	5.99999999999995	0.408873240375001	1119	5.19775544416932	6.80224455583059
41	WGN36	6.99999999999996	0.408873240375	1119	6.19775544416933	7.80224455583059
42	WGN36	5.99999999999994	0.408873240375003	1119	5.1977554441693	6.80224455583058
43	WGN36	7.99999999999995	0.408873240374999	1119	7.19775544416932	8.80224455583058
44	WGN36	5.99999999999995	0.408873240375002	1119	5.19775544416931	6.80224455583058
45	WGN36	6.49999999999995	0.408873240375002	1119	5.69775544416931	7.30224455583058
46	WGN36	7.99999999999996	0.408873240375001	1119	7.19775544416933	8.8022445558306
47	WGN36	6.49999999999997	0.408873240374997	1119	5.69775544416934	7.30224455583059
48	WGN36	5.99999999999999	0.408873240374997	1119	5.19775544416937	6.80224455583062
49	WGN36	7.49999999999996	0.408873240374999	1119	6.69775544416933	8.30224455583059
51	WGN36	7.99999999999997	0.408873240374997	1119	7.19775544416934	8.8022445558306
52	WGN36	6.49999999999998	0.408873240374997	1119	5.69775544416935	7.3022445558306
53	WGN36	5.99999999999997	0.408873240375	1119	5.19775544416933	6.8022445558306
54	WGN36	6.99999999999998	0.408873240374997	1119	6.19775544416936	7.80224455583061
55	WGN36	6.49999999999995	0.408873240375001	1119	5.69775544416932	7.30224455583059
56	WGN36	6.49999999999997	0.408873240374999	1119	5.69775544416934	7.3022445558306
57	WGN36	6.99999999999997	0.408873240374999	1119	6.19775544416934	7.80224455583059
58	WGN36	7.99999999999997	0.408873240374999	1119	7.19775544416934	8.8022445558306
59	WGN36	5.99999999999998	0.408873240374997	1119	5.19775544416936	6.80224455583061
60	WGN36	6.49999999999997	0.408873240374997	1119	5.69775544416934	7.30224455583059
62	WGN36	6.99999999999996	0.408873240374998	1119	6.19775544416934	7.80224455583059
64	WGN36	6.49999999999996	0.408873240375001	1119	5.69775544416933	7.30224455583059
65	WGN36	5.99999999999997	0.408873240375	1119	5.19775544416934	6.80224455583061
66	WGN36	5.99999999999996	0.408873240375001	1119	5.19775544416932	6.80224455583059
68	WGN36	6.49999999999997	0.408873240375	1119	5.69775544416934	7.3022445558306
69	WGN36	6.99999999999996	0.408873240375	1119	6.19775544416933	7.80224455583059
70	WGN36	6.49999999999997	0.408873240375	1119	5.69775544416934	7.3022445558306
71	WGN36	5.99999999999998	0.408873240374998	1119	5.19775544416935	6.8022445558306
72	WGN36	7.49999999999997	0.408873240374999	1119	6.69775544416934	8.3022445558306
74	WGN36	6.49999999999998	0.408873240374998	1119	5.69775544416935	7.3022445558306
75	WGN36	5.99999999999996	0.408873240374999	1119	5.19775544416933	6.80224455583059
76	WGN36	5.99999999999996	0.408873240374999	1119	5.19775544416934	6.80224455583059
77	WGN36	6.49999999999996	0.408873240375	1119	5.69775544416933	7.30224455583059
78	WGN36	7.99999999999995	0.408873240374997	1119	7.19775544416933	8.80224455583058
79	WGN36	5.99999999999996	0.408873240374999	1119	5.19775544416933	6.80224455583059
80	WGN36	5.99999999999997	0.408873240374999	1119	5.19775544416934	6.8022445558306
81	WGN36	5.99999999999996	0.408873240375	1119	5.19775544416933	6.8022445558306
82	WGN36	5.99999999999995	0.408873240375001	1119	5.19775544416932	6.80224455583058
83	WGN36	6.99999999999997	0.408873240374997	1119	6.19775544416934	7.80224455583059
84	WGN36	6.99999999999997	0.408873240374998	1119	6.19775544416934	7.8022445558306
85	WGN36	7.49999999999997	0.408873240374998	1119	6.69775544416934	8.30224455583059
86	WGN36	5.99999999999996	0.408873240375	1119	5.19775544416933	6.80224455583059
87	WGN36	5.99999999999996	0.408873240374999	1119	5.19775544416933	6.80224455583059
88	WGN36	6.49999999999997	0.408873240374998	1119	5.69775544416935	7.3022445558306
89	WGN36	5.99999999999996	0.408873240375	1119	5.19775544416933	6.80224455583059
90	WGN36	5.99999999999998	0.408873240374999	1119	5.19775544416935	6.8022445558306
92	WGN36	6.99999999999997	0.408873240374998	1119	6.19775544416934	7.8022445558306
93	WGN36	5.99999999999998	0.408873240374998	1119	5.19775544416935	6.8022445558306
94	WGN36	5.99999999999997	0.408873240375	1119	5.19775544416934	6.8022445558306
95	WGN36	5.99999999999994	0.408873240375001	1119	5.1977554441693	6.80224455583057
96	WGN36	8.99999999999999	0.408873240375	1119	8.19775544416936	9.80224455583062
97	WGN36	6.49999999999996	0.408873240375	1119	5.69775544416933	7.3022445558306
98	WGN36	6.99999999999997	0.408873240375	1119	6.19775544416934	7.8022445558306
99	WGN36	5.99999999999997	0.408873240374998	1119	5.19775544416934	6.8022445558306
100	WGN36	5.99999999999995	0.408873240375001	1119	5.19775544416932	6.80224455583059
102	WGN36	6.49999999999997	0.408873240375	1119	5.69775544416934	7.3022445558306
104	WGN36	7.49999999999997	0.408873240375	1119	6.69775544416933	8.3022445558306
105	WGN36	7.49999999999996	0.408873240375001	1119	6.69775544416933	8.30224455583059
106	WGN36	5.99999999999995	0.408873240375001	1119	5.19775544416932	6.80224455583058
107	WGN36	5.99999999999998	0.408873240374998	1119	5.19775544416935	6.80224455583061
108	WGN36	5.99999999999996	0.408873240375001	1119	5.19775544416933	6.8022445558306
109	WGN36	7.49999999999996	0.408873240374997	1119	6.69775544416933	8.30224455583058
110	WGN36	5.99999999999996	0.408873240374999	1119	5.19775544416934	6.80224455583059
112	WGN36	5.99999999999996	0.408873240375001	1119	5.19775544416933	6.8022445558306
114	WGN36	7.99999999999996	0.408873240374999	1119	7.19775544416934	8.80224455583059
116	WGN36	5.99999999999997	0.408873240374999	1119	5.19775544416934	6.8022445558306
117	WGN36	5.99999999999997	0.408873240374999	1119	5.19775544416934	6.80224455583059
118	WGN36	5.99999999999997	0.408873240375	1119	5.19775544416934	6.8022445558306
119	WGN36	5.99999999999995	0.408873240375001	1119	5.19775544416932	6.80224455583059
120	WGN36	6.99999999999997	0.408873240375	1119	6.19775544416934	7.8022445558306
121	WGN36	6.49999999999996	0.408873240374999	1119	5.69775544416933	7.30224455583059
122	WGN36	7.99999999999997	0.408873240375	1119	7.19775544416934	8.8022445558306
123	WGN36	6.49999999999997	0.408873240375	1119	5.69775544416933	7.3022445558306
124	WGN36	6.99999999999997	0.408873240374999	1119	6.19775544416934	7.8022445558306
125	WGN36	5.99999999999997	0.408873240374999	1119	5.19775544416934	6.8022445558306
126	WGN36	6.49999999999997	0.408873240375	1119	5.69775544416933	7.3022445558306
127	WGN36	6.49999999999996	0.408873240375	1119	5.69775544416933	7.3022445558306
128	WGN36	6.99999999999996	0.408873240374998	1119	6.19775544416934	7.80224455583059
129	WGN36	5.99999999999997	0.408873240374998	1119	5.19775544416934	6.8022445558306
130	WGN36	5.99999999999996	0.408873240375001	1119	5.19775544416933	6.80224455583059
1	WGN38	6.50000000000053	0.408873240374953	1119	5.69775544416999	7.30224455583107
2	WGN38	6.50000000000007	0.408873240374998	1119	5.69775544416945	7.3022445558307
3	WGN38	6.5000000000001	0.408873240374998	1119	5.69775544416947	7.30224455583072
4	WGN38	6.00000000000011	0.408873240374994	1119	5.19775544416949	6.80224455583073
5	WGN38	7.00000000000006	0.408873240374998	1119	6.19775544416943	7.80224455583069
6	WGN38	5.91071428571437	0.578363137535376	1119	4.77591593609548	7.04551263533326
7	WGN38	6.00000000000007	0.408873240375002	1119	5.19775544416944	6.80224455583071
8	WGN38	6.00000000000012	0.408873240374987	1119	5.19775544416951	6.80224455583072
10	WGN38	6.00000000000009	0.408873240374993	1119	5.19775544416947	6.80224455583071
11	WGN38	7.00000000000005	0.408873240374992	1119	6.19775544416944	7.80224455583067
12	WGN38	5.91071428571443	0.578363137535377	1119	4.77591593609554	7.04551263533332
13	WGN38	6.00000000000009	0.408873240375	1119	5.19775544416945	6.80224455583072
14	WGN38	6.00000000000008	0.408873240375003	1119	5.19775544416944	6.80224455583072
16	WGN38	6.00000000000008	0.408873240374997	1119	5.19775544416945	6.8022445558307
18	WGN38	6.00000000000009	0.408873240375	1119	5.19775544416946	6.80224455583072
19	WGN38	6.00000000000007	0.408873240374997	1119	5.19775544416945	6.8022445558307
20	WGN38	7.50000000000009	0.408873240375003	1119	6.69775544416946	8.30224455583073
21	WGN38	6.50000000000007	0.408873240374998	1119	5.69775544416944	7.3022445558307
22	WGN38	6.50000000000008	0.408873240375001	1119	5.69775544416945	7.30224455583071
23	WGN38	8.0000000000001	0.408873240375	1119	7.19775544416946	8.80224455583073
24	WGN38	6.00000000000008	0.408873240375003	1119	5.19775544416945	6.80224455583072
26	WGN38	6.00000000000009	0.408873240374999	1119	5.19775544416946	6.80224455583072
27	WGN38	7.00000000000008	0.408873240375002	1119	6.19775544416945	7.80224455583072
28	WGN38	7.50000000000008	0.408873240375001	1119	6.69775544416945	8.30224455583072
29	WGN38	6.50000000000007	0.408873240375002	1119	5.69775544416944	7.3022445558307
30	WGN38	7.00000000000007	0.408873240374997	1119	6.19775544416945	7.8022445558307
32	WGN38	6.50000000000007	0.408873240374997	1119	5.69775544416945	7.3022445558307
33	WGN38	7.50000000000008	0.408873240375	1119	6.69775544416945	8.30224455583071
34	WGN38	6.00000000000008	0.408873240374997	1119	5.19775544416946	6.80224455583071
35	WGN38	6.50000000000008	0.408873240374997	1119	5.69775544416946	7.3022445558307
36	WGN38	6.00000000000007	0.408873240375	1119	5.19775544416944	6.8022445558307
37	WGN38	6.00000000000009	0.408873240374997	1119	5.19775544416946	6.80224455583071
38	WGN38	7.50000000000009	0.408873240375001	1119	6.69775544416946	8.30224455583073
39	WGN38	6.00000000000009	0.408873240374999	1119	5.19775544416946	6.80224455583072
40	WGN38	6.0000000000001	0.408873240374999	1119	5.19775544416947	6.80224455583072
41	WGN38	7.00000000000007	0.408873240374999	1119	6.19775544416944	7.8022445558307
42	WGN38	6.00000000000008	0.408873240374997	1119	5.19775544416945	6.8022445558307
45	WGN38	6.50000000000008	0.408873240374997	1119	5.69775544416946	7.30224455583071
46	WGN38	7.00000000000007	0.408873240374998	1119	6.19775544416944	7.8022445558307
47	WGN38	6.00000000000007	0.408873240375001	1119	5.19775544416944	6.80224455583071
48	WGN38	8.00000000000007	0.408873240375	1119	7.19775544416944	8.80224455583071
49	WGN38	8.00000000000009	0.408873240375001	1119	7.19775544416946	8.80224455583073
50	WGN38	6.50000000000007	0.408873240375	1119	5.69775544416944	7.3022445558307
51	WGN38	7.00000000000008	0.408873240375	1119	6.19775544416945	7.80224455583071
52	WGN38	6.00000000000007	0.408873240375	1119	5.19775544416944	6.8022445558307
53	WGN38	6.50000000000008	0.408873240374998	1119	5.69775544416945	7.3022445558307
54	WGN38	6.00000000000007	0.408873240374999	1119	5.19775544416944	6.8022445558307
55	WGN38	7.00000000000007	0.408873240374998	1119	6.19775544416944	7.80224455583069
56	WGN38	6.00000000000006	0.408873240374999	1119	5.19775544416943	6.80224455583069
59	WGN38	7.50000000000008	0.408873240374999	1119	6.69775544416945	8.30224455583071
61	WGN38	6.00000000000006	0.408873240375	1119	5.19775544416943	6.8022445558307
63	WGN38	6.00000000000008	0.408873240374999	1119	5.19775544416945	6.8022445558307
64	WGN38	6.00000000000007	0.408873240375	1119	5.19775544416943	6.8022445558307
65	WGN38	6.50000000000007	0.408873240374998	1119	5.69775544416944	7.3022445558307
66	WGN38	6.00000000000009	0.408873240374998	1119	5.19775544416946	6.80224455583071
67	WGN38	7.50000000000008	0.408873240374999	1119	6.69775544416945	8.30224455583071
68	WGN38	6.50000000000008	0.408873240375	1119	5.69775544416945	7.30224455583071
69	WGN38	6.00000000000008	0.408873240374999	1119	5.19775544416945	6.80224455583071
70	WGN38	7.50000000000008	0.408873240375	1119	6.69775544416945	8.30224455583071
72	WGN38	8.00000000000008	0.408873240374999	1119	7.19775544416945	8.80224455583071
73	WGN38	8.00000000000009	0.408873240375001	1119	7.19775544416946	8.80224455583072
74	WGN38	6.00000000000007	0.408873240375001	1119	5.19775544416944	6.8022445558307
76	WGN38	7.00000000000008	0.408873240375001	1119	6.19775544416945	7.80224455583071
77	WGN38	8.00000000000007	0.408873240374999	1119	7.19775544416944	8.8022445558307
78	WGN38	6.00000000000007	0.408873240375001	1119	5.19775544416944	6.80224455583071
80	WGN38	6.00000000000008	0.408873240375	1119	5.19775544416945	6.80224455583071
81	WGN38	6.00000000000008	0.408873240374999	1119	5.19775544416945	6.8022445558307
82	WGN38	7.50000000000008	0.408873240375	1119	6.69775544416945	8.30224455583071
83	WGN38	6.00000000000008	0.408873240375	1119	5.19775544416944	6.80224455583071
84	WGN38	6.00000000000007	0.408873240374998	1119	5.19775544416945	6.8022445558307
85	WGN38	6.00000000000008	0.408873240375	1119	5.19775544416945	6.80224455583071
86	WGN38	6.50000000000007	0.408873240374999	1119	5.69775544416944	7.3022445558307
87	WGN38	6.00000000000007	0.408873240375	1119	5.19775544416944	6.8022445558307
88	WGN38	6.50000000000008	0.408873240374999	1119	5.69775544416945	7.30224455583071
89	WGN38	8.00000000000008	0.408873240375	1119	7.19775544416945	8.80224455583071
90	WGN38	8.00000000000007	0.408873240374999	1119	7.19775544416944	8.8022445558307
91	WGN38	6.00000000000008	0.408873240374999	1119	5.19775544416945	6.80224455583071
92	WGN38	6.50000000000008	0.408873240375	1119	5.69775544416945	7.30224455583071
93	WGN38	7.50000000000008	0.408873240375	1119	6.69775544416945	8.30224455583071
94	WGN38	8.00000000000008	0.408873240374999	1119	7.19775544416945	8.80224455583071
95	WGN38	6.00000000000007	0.408873240374999	1119	5.19775544416944	6.8022445558307
96	WGN38	7.00000000000008	0.408873240375	1119	6.19775544416945	7.80224455583071
97	WGN38	6.50000000000008	0.408873240374999	1119	5.69775544416945	7.3022445558307
98	WGN38	8.00000000000008	0.408873240375	1119	7.19775544416945	8.80224455583071
99	WGN38	6.00000000000007	0.408873240375	1119	5.19775544416944	6.8022445558307
100	WGN38	6.00000000000008	0.408873240374999	1119	5.19775544416945	6.80224455583071
101	WGN38	6.00000000000008	0.408873240375	1119	5.19775544416945	6.80224455583071
102	WGN38	6.50000000000008	0.408873240375	1119	5.69775544416945	7.30224455583071
103	WGN38	6.00000000000008	0.408873240375001	1119	5.19775544416945	6.80224455583071
104	WGN38	6.50000000000007	0.408873240375	1119	5.69775544416944	7.3022445558307
106	WGN38	7.91071428571438	0.578363137535381	1119	6.77591593609548	9.04551263533328
107	WGN38	8.00000000000007	0.408873240374998	1119	7.19775544416944	8.8022445558307
108	WGN38	6.08928571428579	0.578363137535379	1119	4.9544873646669	7.22408406390469
109	WGN38	7.08928571428579	0.578363137535379	1119	5.9544873646669	8.22408406390469
110	WGN38	8.00000000000008	0.408873240375	1119	7.19775544416945	8.80224455583071
111	WGN38	6.00000000000008	0.408873240375	1119	5.19775544416945	6.80224455583071
112	WGN38	5.91071428571436	0.578363137535379	1119	4.77591593609546	7.04551263533326
113	WGN38	7.50000000000008	0.408873240374999	1119	6.69775544416945	8.30224455583071
114	WGN38	8.00000000000008	0.408873240375	1119	7.19775544416945	8.80224455583071
115	WGN38	7.50000000000008	0.408873240375	1119	6.69775544416945	8.30224455583071
1	WGN39	7.00000000000006	0.408873240374993	1119	6.19775544416944	7.80224455583068
2	WGN39	7.50000000000008	0.408873240375004	1119	6.69775544416944	8.30224455583072
3	WGN39	6.50000000000005	0.408873240375001	1119	5.69775544416942	7.30224455583068
4	WGN39	8.00000000000009	0.408873240375	1119	7.19775544416946	8.80224455583073
5	WGN39	6.00000000000004	0.408873240375003	1119	5.1977554441694	6.80224455583068
6	WGN39	7.00000000000007	0.408873240375003	1119	6.19775544416943	7.8022445558307
7	WGN39	8.00000000000003	0.408873240374998	1119	7.1977554441694	8.80224455583066
8	WGN39	6.50000000000012	0.408873240374994	1119	5.6977554441695	7.30224455583074
9	WGN39	6.0000000000001	0.408873240374994	1119	5.19775544416948	6.80224455583072
10	WGN39	6.00000000000006	0.408873240375001	1119	5.19775544416943	6.80224455583069
11	WGN39	6.00000000000006	0.408873240375002	1119	5.19775544416943	6.8022445558307
12	WGN39	6.00000000000008	0.408873240374998	1119	5.19775544416945	6.80224455583071
13	WGN39	6.50000000000007	0.408873240375	1119	5.69775544416944	7.3022445558307
14	WGN39	6.00000000000007	0.408873240374997	1119	5.19775544416945	6.8022445558307
15	WGN39	6.50000000000006	0.408873240375001	1119	5.69775544416942	7.30224455583069
16	WGN39	6.00000000000008	0.408873240375	1119	5.19775544416945	6.80224455583071
17	WGN39	6.00000000000005	0.408873240375005	1119	5.19775544416941	6.80224455583069
18	WGN39	6.50000000000006	0.408873240375004	1119	5.69775544416943	7.3022445558307
19	WGN39	6.50000000000007	0.408873240375002	1119	5.69775544416943	7.3022445558307
20	WGN39	7.00000000000006	0.408873240374999	1119	6.19775544416943	7.80224455583069
21	WGN39	7.00000000000007	0.408873240374999	1119	6.19775544416944	7.8022445558307
22	WGN39	6.50000000000006	0.408873240375004	1119	5.69775544416942	7.3022445558307
24	WGN39	7.50000000000006	0.408873240374998	1119	6.69775544416943	8.30224455583068
25	WGN39	6.00000000000004	0.408873240375007	1119	5.1977554441694	6.80224455583069
26	WGN39	6.00000000000006	0.408873240375002	1119	5.19775544416942	6.80224455583069
27	WGN39	6.00000000000007	0.408873240375001	1119	5.19775544416944	6.8022445558307
28	WGN39	6.00000000000007	0.408873240374999	1119	5.19775544416944	6.8022445558307
29	WGN39	8.00000000000008	0.408873240375001	1119	7.19775544416945	8.80224455583071
30	WGN39	7.50000000000008	0.408873240375005	1119	6.69775544416944	8.30224455583073
31	WGN39	6.00000000000009	0.408873240374994	1119	5.19775544416948	6.80224455583071
32	WGN39	7.50000000000006	0.408873240374999	1119	6.69775544416943	8.30224455583068
34	WGN39	7.00000000000007	0.408873240374996	1119	6.19775544416945	7.8022445558307
35	WGN39	6.00000000000009	0.408873240374998	1119	5.19775544416947	6.80224455583072
36	WGN39	7.00000000000007	0.408873240374997	1119	6.19775544416944	7.80224455583069
37	WGN39	7.50000000000006	0.408873240375003	1119	6.69775544416943	8.3022445558307
38	WGN39	5.91071428571438	0.578363137535375	1119	4.77591593609549	7.04551263533327
39	WGN39	7.50000000000007	0.408873240375003	1119	6.69775544416944	8.30224455583071
40	WGN39	6.00000000000007	0.408873240375001	1119	5.19775544416944	6.8022445558307
41	WGN39	8.00000000000006	0.408873240374997	1119	7.19775544416944	8.80224455583069
42	WGN39	7.50000000000008	0.408873240374998	1119	6.69775544416945	8.3022445558307
43	WGN39	6.00000000000002	0.408873240375008	1119	5.19775544416937	6.80224455583067
44	WGN39	7.50000000000006	0.408873240374998	1119	6.69775544416944	8.30224455583069
45	WGN39	8.0000000000001	0.408873240375001	1119	7.19775544416947	8.80224455583073
46	WGN39	6.50000000000006	0.408873240374999	1119	5.69775544416944	7.30224455583069
47	WGN39	6.00000000000005	0.408873240375003	1119	5.19775544416942	6.80224455583069
48	WGN39	6.00000000000006	0.408873240375001	1119	5.19775544416942	6.80224455583069
49	WGN39	7.00000000000008	0.408873240374995	1119	6.19775544416946	7.8022445558307
50	WGN39	7.50000000000008	0.408873240374997	1119	6.69775544416946	8.3022445558307
51	WGN39	7.00000000000006	0.408873240375004	1119	6.19775544416943	7.8022445558307
52	WGN39	6.00000000000009	0.408873240374997	1119	5.19775544416947	6.80224455583072
53	WGN39	7.50000000000007	0.408873240375	1119	6.69775544416944	8.3022445558307
54	WGN39	6.00000000000006	0.408873240375001	1119	5.19775544416943	6.80224455583069
55	WGN39	6.00000000000007	0.408873240374997	1119	5.19775544416945	6.8022445558307
56	WGN39	7.00000000000007	0.408873240375003	1119	6.19775544416943	7.8022445558307
57	WGN39	6.00000000000006	0.408873240375	1119	5.19775544416943	6.80224455583069
58	WGN39	6.50000000000008	0.408873240374997	1119	5.69775544416945	7.3022445558307
59	WGN39	6.00000000000009	0.408873240374996	1119	5.19775544416946	6.80224455583071
60	WGN39	6.50000000000006	0.408873240375	1119	5.69775544416943	7.30224455583069
61	WGN39	6.50000000000007	0.408873240374999	1119	5.69775544416945	7.3022445558307
62	WGN39	6.00000000000007	0.408873240374999	1119	5.19775544416944	6.8022445558307
63	WGN39	7.50000000000007	0.408873240375003	1119	6.69775544416943	8.30224455583071
64	WGN39	6.50000000000007	0.408873240375	1119	5.69775544416944	7.3022445558307
65	WGN39	6.00000000000007	0.408873240375001	1119	5.19775544416943	6.8022445558307
66	WGN39	7.50000000000006	0.408873240374999	1119	6.69775544416943	8.30224455583069
67	WGN39	6.50000000000008	0.408873240375003	1119	5.69775544416944	7.30224455583071
68	WGN39	8.00000000000006	0.408873240374998	1119	7.19775544416944	8.80224455583069
69	WGN39	6.50000000000007	0.408873240375	1119	5.69775544416944	7.3022445558307
70	WGN39	6.00000000000007	0.408873240374997	1119	5.19775544416945	6.8022445558307
71	WGN39	7.50000000000006	0.408873240374999	1119	6.69775544416943	8.30224455583069
72	WGN39	6.00000000000007	0.408873240374999	1119	5.19775544416944	6.8022445558307
73	WGN39	6.00000000000003	0.408873240375005	1119	5.19775544416939	6.80224455583067
74	WGN39	7.50000000000007	0.408873240374999	1119	6.69775544416944	8.3022445558307
75	WGN39	7.50000000000005	0.408873240374999	1119	6.69775544416942	8.30224455583068
76	WGN39	6.50000000000006	0.408873240375002	1119	5.69775544416943	7.3022445558307
77	WGN39	6.00000000000008	0.408873240374999	1119	5.19775544416945	6.8022445558307
78	WGN39	6.00000000000007	0.408873240374998	1119	5.19775544416945	6.8022445558307
79	WGN39	6.50000000000007	0.408873240374998	1119	5.69775544416944	7.3022445558307
80	WGN39	6.00000000000007	0.408873240375	1119	5.19775544416944	6.8022445558307
81	WGN39	6.50000000000007	0.408873240374998	1119	5.69775544416944	7.3022445558307
82	WGN39	6.00000000000008	0.408873240374998	1119	5.19775544416945	6.8022445558307
83	WGN39	6.50000000000006	0.408873240374999	1119	5.69775544416944	7.30224455583069
84	WGN39	6.50000000000007	0.408873240374999	1119	5.69775544416944	7.3022445558307
85	WGN39	7.50000000000007	0.408873240374999	1119	6.69775544416944	8.3022445558307
86	WGN39	7.50000000000008	0.408873240375001	1119	6.69775544416945	8.30224455583071
87	WGN39	6.50000000000007	0.408873240374998	1119	5.69775544416944	7.30224455583069
88	WGN39	6.00000000000008	0.408873240374999	1119	5.19775544416945	6.8022445558307
89	WGN39	6.00000000000007	0.408873240375	1119	5.19775544416944	6.8022445558307
90	WGN39	7.00000000000007	0.408873240374998	1119	6.19775544416944	7.8022445558307
91	WGN39	6.00000000000007	0.408873240374998	1119	5.19775544416944	6.8022445558307
92	WGN39	7.50000000000007	0.408873240375	1119	6.69775544416944	8.3022445558307
93	WGN39	6.50000000000006	0.408873240375	1119	5.69775544416943	7.3022445558307
94	WGN39	7.50000000000007	0.408873240375001	1119	6.69775544416944	8.30224455583071
95	WGN39	7.50000000000007	0.408873240374999	1119	6.69775544416944	8.3022445558307
96	WGN39	6.00000000000007	0.408873240374998	1119	5.19775544416944	6.8022445558307
97	WGN39	6.00000000000007	0.408873240374998	1119	5.19775544416945	6.8022445558307
98	WGN39	7.50000000000007	0.408873240375001	1119	6.69775544416943	8.3022445558307
99	WGN39	6.50000000000007	0.408873240374998	1119	5.69775544416944	7.3022445558307
100	WGN39	7.50000000000007	0.408873240374998	1119	6.69775544416944	8.30224455583069
101	WGN39	6.00000000000007	0.408873240374998	1119	5.19775544416944	6.8022445558307
102	WGN39	7.50000000000007	0.408873240374999	1119	6.69775544416944	8.30224455583069
104	WGN39	6.00000000000007	0.408873240374999	1119	5.19775544416944	6.8022445558307
105	WGN39	6.00000000000006	0.408873240375001	1119	5.19775544416943	6.80224455583069
106	WGN39	6.00000000000007	0.408873240374998	1119	5.19775544416944	6.8022445558307
107	WGN39	8.00000000000006	0.408873240374999	1119	7.19775544416943	8.80224455583069
108	WGN39	6.91071428571435	0.578363137535378	1119	5.77591593609546	8.04551263533325
109	WGN39	6.00000000000007	0.408873240374999	1119	5.19775544416944	6.8022445558307
110	WGN39	6.00000000000006	0.408873240375	1119	5.19775544416943	6.80224455583069
111	WGN39	6.50000000000006	0.408873240374999	1119	5.69775544416943	7.30224455583069
112	WGN39	8.00000000000007	0.408873240374999	1119	7.19775544416944	8.8022445558307
113	WGN39	6.00000000000007	0.408873240374999	1119	5.19775544416944	6.8022445558307
114	WGN39	6.50000000000007	0.408873240374999	1119	5.69775544416944	7.3022445558307
115	WGN39	8.00000000000007	0.408873240374999	1119	7.19775544416944	8.8022445558307
116	WGN39	6.00000000000007	0.408873240374999	1119	5.19775544416944	6.8022445558307
117	WGN39	6.00000000000007	0.408873240374999	1119	5.19775544416944	6.8022445558307
118	WGN39	8.00000000000006	0.408873240374999	1119	7.19775544416944	8.80224455583069
120	WGN39	7.00000000000006	0.408873240374999	1119	6.19775544416943	7.80224455583069
121	WGN39	5.91071428571435	0.578363137535378	1119	4.77591593609546	7.04551263533325
122	WGN39	6.00000000000007	0.408873240374999	1119	5.19775544416944	6.8022445558307
123	WGN39	6.00000000000007	0.408873240374999	1119	5.19775544416944	6.8022445558307
124	WGN39	6.00000000000007	0.408873240374999	1119	5.19775544416944	6.8022445558307
125	WGN39	7.50000000000007	0.408873240374999	1119	6.69775544416944	8.3022445558307
126	WGN39	6.00000000000007	0.408873240374999	1119	5.19775544416944	6.8022445558307
127	WGN39	6.00000000000006	0.408873240375	1119	5.19775544416943	6.80224455583069
128	WGN39	6.08928571428578	0.578363137535378	1119	4.95448736466689	7.22408406390468
129	WGN39	6.00000000000007	0.408873240374999	1119	5.19775544416944	6.8022445558307
130	WGN39	7.00000000000007	0.408873240374999	1119	6.19775544416944	7.8022445558307
1	WGN45	8.50000000000007	0.40887324037499	1119	7.69775544416946	9.30224455583068
2	WGN45	8.50000000000003	0.408873240375001	1119	7.6977554441694	9.30224455583067
3	WGN45	7.00000000000003	0.408873240375	1119	6.1977554441694	7.80224455583066
4	WGN45	7.50000000000006	0.408873240374996	1119	6.69775544416944	8.30224455583068
5	WGN45	8.00000000000003	0.408873240375001	1119	7.1977554441694	8.80224455583067
6	WGN45	8.50000000000003	0.408873240374998	1119	7.6977554441694	9.30224455583066
7	WGN45	6.50000000000002	0.408873240375	1119	5.69775544416939	7.30224455583065
8	WGN45	8.50000000000004	0.408873240374995	1119	7.69775544416941	9.30224455583066
9	WGN45	8.50000000000002	0.408873240374997	1119	7.6977554441694	9.30224455583065
10	WGN45	8.50000000000004	0.408873240375009	1119	7.69775544416939	9.30224455583068
11	WGN45	8.00000000000005	0.408873240374992	1119	7.19775544416943	8.80224455583066
12	WGN45	8.50000000000004	0.408873240374999	1119	7.69775544416941	9.30224455583067
13	WGN45	8.50000000000003	0.408873240374996	1119	7.69775544416941	9.30224455583065
14	WGN45	7.50000000000005	0.408873240374999	1119	6.69775544416942	8.30224455583068
15	WGN45	8.50000000000003	0.408873240374996	1119	7.69775544416941	9.30224455583065
16	WGN45	7.5000000000001	0.408873240374995	1119	6.69775544416948	8.30224455583072
17	WGN45	8.00000000000004	0.408873240375001	1119	7.1977554441694	8.80224455583067
18	WGN45	6.50000000000007	0.408873240374998	1119	5.69775544416944	7.30224455583069
19	WGN45	8.00000000000006	0.408873240374997	1119	7.19775544416943	8.80224455583068
20	WGN45	8.00000000000003	0.408873240374991	1119	7.19775544416942	8.80224455583065
22	WGN45	8.50000000000003	0.408873240375002	1119	7.6977554441694	9.30224455583067
23	WGN45	6.5	0.408873240375001	1119	5.69775544416937	7.30224455583063
24	WGN45	8.08928571428577	0.57836313753537	1119	6.9544873646669	9.22408406390465
26	WGN45	5.91071428571431	0.578363137535378	1119	4.77591593609541	7.0455126353332
28	WGN45	8.00000000000002	0.408873240374998	1119	7.1977554441694	8.80224455583065
29	WGN45	7.9107142857143	0.578363137535381	1119	6.7759159360954	9.0455126353332
31	WGN45	7.50000000000006	0.408873240374996	1119	6.69775544416943	8.30224455583068
32	WGN45	9.00000000000004	0.408873240374999	1119	8.19775544416941	9.80224455583067
33	WGN45	6.00000000000001	0.408873240375001	1119	5.19775544416937	6.80224455583064
34	WGN45	8.50000000000002	0.408873240375001	1119	7.69775544416939	9.30224455583066
35	WGN45	7.50000000000002	0.408873240375002	1119	6.69775544416939	8.30224455583065
36	WGN45	7.50000000000004	0.408873240374997	1119	6.69775544416942	8.30224455583067
37	WGN45	8.00000000000004	0.408873240374997	1119	7.19775544416942	8.80224455583067
38	WGN45	7.08928571428575	0.578363137535381	1119	5.95448736466685	8.22408406390465
40	WGN45	8.00000000000004	0.408873240375	1119	7.19775544416941	8.80224455583067
41	WGN45	8.00000000000002	0.408873240374999	1119	7.19775544416939	8.80224455583065
42	WGN45	8.50000000000005	0.408873240375002	1119	7.69775544416942	9.30224455583069
43	WGN45	7.50000000000006	0.408873240374994	1119	6.69775544416944	8.30224455583068
44	WGN45	7.00000000000005	0.408873240375	1119	6.19775544416942	7.80224455583068
45	WGN45	8.50000000000002	0.408873240374995	1119	7.6977554441694	9.30224455583064
46	WGN45	8.00000000000003	0.408873240374998	1119	7.1977554441694	8.80224455583065
49	WGN45	9.00000000000004	0.408873240375002	1119	8.19775544416941	9.80224455583067
52	WGN45	7.00000000000005	0.408873240374998	1119	6.19775544416942	7.80224455583068
53	WGN45	7.00000000000003	0.408873240374999	1119	6.19775544416941	7.80224455583066
54	WGN45	6.50000000000003	0.408873240374999	1119	5.6977554441694	7.30224455583066
55	WGN45	7.50000000000003	0.408873240375001	1119	6.6977554441694	8.30224455583066
56	WGN45	8.00000000000003	0.408873240375	1119	7.1977554441694	8.80224455583066
57	WGN45	6.50000000000001	0.408873240374999	1119	5.69775544416939	7.30224455583064
58	WGN45	8.50000000000003	0.408873240374996	1119	7.69775544416941	9.30224455583066
59	WGN45	8.00000000000005	0.408873240375	1119	7.19775544416942	8.80224455583068
60	WGN45	6.50000000000005	0.408873240374996	1119	5.69775544416943	7.30224455583068
61	WGN45	7.50000000000006	0.408873240374997	1119	6.69775544416944	8.30224455583069
62	WGN45	7.00000000000001	0.408873240375001	1119	6.19775544416938	7.80224455583064
64	WGN45	8.00000000000004	0.408873240374999	1119	7.19775544416941	8.80224455583067
65	WGN45	8.00000000000005	0.408873240374999	1119	7.19775544416942	8.80224455583068
66	WGN45	7.50000000000004	0.408873240374999	1119	6.69775544416941	8.30224455583067
67	WGN45	5.91071428571435	0.578363137535374	1119	4.77591593609546	7.04551263533324
68	WGN45	8.00000000000003	0.408873240375	1119	7.1977554441694	8.80224455583067
69	WGN45	9.00000000000004	0.408873240374999	1119	8.19775544416941	9.80224455583067
70	WGN45	8.00000000000004	0.408873240375	1119	7.19775544416941	8.80224455583067
71	WGN45	7.00000000000005	0.408873240374998	1119	6.19775544416943	7.80224455583068
72	WGN45	7.50000000000004	0.408873240374998	1119	6.69775544416942	8.30224455583067
73	WGN45	7.0892857142858	0.578363137535378	1119	5.9544873646669	8.22408406390469
74	WGN45	8.91071428571433	0.578363137535377	1119	7.77591593609544	10.0455126353332
75	WGN45	6.91071428571432	0.578363137535381	1119	5.77591593609542	8.04551263533322
76	WGN45	9.00000000000003	0.408873240374998	1119	8.1977554441694	9.80224455583066
78	WGN45	7.00000000000004	0.408873240375001	1119	6.19775544416941	7.80224455583067
80	WGN45	9.00000000000004	0.408873240374998	1119	8.19775544416941	9.80224455583066
81	WGN45	8.50000000000004	0.408873240374998	1119	7.69775544416941	9.30224455583067
82	WGN45	8.08928571428576	0.578363137535381	1119	6.95448736466686	9.22408406390466
84	WGN45	8.00000000000005	0.408873240374997	1119	7.19775544416942	8.80224455583067
85	WGN45	8.00000000000005	0.408873240374998	1119	7.19775544416942	8.80224455583067
86	WGN45	9.00000000000004	0.408873240374999	1119	8.19775544416941	9.80224455583067
88	WGN45	8.50000000000004	0.408873240374998	1119	7.69775544416942	9.30224455583067
89	WGN45	7.50000000000004	0.408873240375	1119	6.69775544416941	8.30224455583067
90	WGN45	7.00000000000004	0.408873240374999	1119	6.19775544416941	7.80224455583067
92	WGN45	8.00000000000005	0.408873240374998	1119	7.19775544416942	8.80224455583067
93	WGN45	6.00000000000006	0.408873240374998	1119	5.19775544416943	6.80224455583068
94	WGN45	8.50000000000004	0.408873240374999	1119	7.69775544416941	9.30224455583067
95	WGN45	8.50000000000004	0.408873240374998	1119	7.69775544416941	9.30224455583067
98	WGN45	8.00000000000004	0.408873240374999	1119	7.19775544416941	8.80224455583067
99	WGN45	7.91071428571433	0.578363137535378	1119	6.77591593609543	9.04551263533322
100	WGN45	7.50000000000005	0.408873240374998	1119	6.69775544416942	8.30224455583067
101	WGN45	9.00000000000005	0.408873240375	1119	8.19775544416942	9.80224455583068
102	WGN45	8.50000000000004	0.408873240374999	1119	7.69775544416941	9.30224455583067
103	WGN45	8.00000000000004	0.408873240375	1119	7.19775544416941	8.80224455583067
104	WGN45	8.50000000000004	0.408873240374997	1119	7.69775544416942	9.30224455583067
105	WGN45	8.00000000000004	0.408873240374998	1119	7.19775544416941	8.80224455583067
106	WGN45	7.50000000000004	0.408873240374998	1119	6.69775544416942	8.30224455583067
107	WGN45	8.00000000000004	0.408873240374999	1119	7.19775544416941	8.80224455583067
108	WGN45	7.50000000000004	0.408873240374999	1119	6.69775544416941	8.30224455583067
109	WGN45	8.00000000000004	0.408873240374997	1119	7.19775544416942	8.80224455583067
110	WGN45	8.00000000000004	0.408873240375	1119	7.19775544416941	8.80224455583067
111	WGN45	8.00000000000004	0.408873240375	1119	7.19775544416941	8.80224455583067
112	WGN45	5.91071428571431	0.57836313753538	1119	4.77591593609541	7.04551263533321
114	WGN45	6.50000000000004	0.408873240374999	1119	5.69775544416941	7.30224455583067
115	WGN45	6.08928571428577	0.578363137535378	1119	4.95448736466687	7.22408406390466
116	WGN45	8.00000000000004	0.408873240375	1119	7.19775544416941	8.80224455583067
117	WGN45	7.08928571428577	0.578363137535378	1119	5.95448736466687	8.22408406390466
118	WGN45	8.50000000000004	0.408873240374999	1119	7.69775544416941	9.30224455583067
119	WGN45	8.00000000000004	0.408873240374999	1119	7.19775544416941	8.80224455583067
120	WGN45	8.50000000000004	0.408873240374999	1119	7.69775544416941	9.30224455583067
121	WGN45	8.00000000000004	0.408873240374999	1119	7.19775544416941	8.80224455583067
122	WGN45	8.08928571428576	0.578363137535378	1119	6.95448736466686	9.22408406390465
123	WGN45	7.91071428571433	0.578363137535378	1119	6.77591593609544	9.04551263533322
124	WGN45	8.00000000000004	0.408873240374999	1119	7.19775544416941	8.80224455583067
126	WGN45	8.50000000000004	0.408873240374999	1119	7.69775544416941	9.30224455583067
127	WGN45	8.50000000000004	0.408873240374999	1119	7.69775544416941	9.30224455583067
128	WGN45	8.00000000000004	0.408873240374999	1119	7.19775544416941	8.80224455583067
129	WGN45	7.00000000000004	0.408873240374999	1119	6.19775544416941	7.80224455583067
1	WGN46	7.49999999999989	0.408873240374989	1119	6.69775544416928	8.3022445558305
2	WGN46	8.00000000000003	0.408873240374997	1119	7.1977554441694	8.80224455583065
3	WGN46	7.00000000000002	0.408873240374997	1119	6.19775544416939	7.80224455583064
4	WGN46	7.49999999999996	0.408873240375001	1119	6.69775544416933	8.30224455583059
6	WGN46	6.00000000000002	0.408873240374999	1119	5.1977554441694	6.80224455583065
7	WGN46	8.00000000000002	0.408873240375	1119	7.19775544416939	8.80224455583066
8	WGN46	8.00000000000002	0.408873240374997	1119	7.1977554441694	8.80224455583065
9	WGN46	8.00000000000003	0.408873240374998	1119	7.1977554441694	8.80224455583065
10	WGN46	7.00000000000002	0.408873240374998	1119	6.1977554441694	7.80224455583065
11	WGN46	8.49999999999999	0.408873240374995	1119	7.69775544416937	9.30224455583062
12	WGN46	7.00000000000002	0.408873240374993	1119	6.1977554441694	7.80224455583064
13	WGN46	8.00000000000005	0.408873240375001	1119	7.19775544416942	8.80224455583069
14	WGN46	6.50000000000005	0.408873240374998	1119	5.69775544416942	7.30224455583067
15	WGN46	7.50000000000002	0.408873240375001	1119	6.69775544416939	8.30224455583066
16	WGN46	8.00000000000006	0.408873240375001	1119	7.19775544416942	8.80224455583069
17	WGN46	8.08928571428574	0.578363137535384	1119	6.95448736466684	9.22408406390465
18	WGN46	8.50000000000006	0.408873240375004	1119	7.69775544416942	9.3022445558307
19	WGN46	8.00000000000001	0.408873240374997	1119	7.19775544416938	8.80224455583064
20	WGN46	8.00000000000002	0.408873240375001	1119	7.19775544416939	8.80224455583066
21	WGN46	6.08928571428573	0.578363137535382	1119	4.95448736466683	7.22408406390463
22	WGN46	7.00000000000002	0.408873240375005	1119	6.19775544416937	7.80224455583066
23	WGN46	7.91071428571433	0.57836313753538	1119	6.77591593609544	9.04551263533323
24	WGN46	8.50000000000002	0.408873240374999	1119	7.69775544416939	9.30224455583065
25	WGN46	8.50000000000004	0.408873240374999	1119	7.69775544416941	9.30224455583067
26	WGN46	8.50000000000004	0.408873240375002	1119	7.6977554441694	9.30224455583067
27	WGN46	7.50000000000002	0.408873240374995	1119	6.6977554441694	8.30224455583065
28	WGN46	8.50000000000004	0.408873240375003	1119	7.6977554441694	9.30224455583068
29	WGN46	7.00000000000001	0.408873240375003	1119	6.19775544416937	7.80224455583065
30	WGN46	8.00000000000003	0.408873240375001	1119	7.1977554441694	8.80224455583066
31	WGN46	8.00000000000002	0.408873240374998	1119	7.19775544416939	8.80224455583065
32	WGN46	9.00000000000001	0.408873240374998	1119	8.19775544416939	9.80224455583064
33	WGN46	7.50000000000002	0.408873240375001	1119	6.69775544416938	8.30224455583065
34	WGN46	8.00000000000003	0.408873240375002	1119	7.1977554441694	8.80224455583067
36	WGN46	8.00000000000003	0.408873240375003	1119	7.19775544416939	8.80224455583067
37	WGN46	8.50000000000002	0.408873240375	1119	7.69775544416939	9.30224455583065
38	WGN46	7.50000000000002	0.408873240375003	1119	6.69775544416939	8.30224455583066
39	WGN46	7.50000000000003	0.408873240374997	1119	6.6977554441694	8.30224455583065
40	WGN46	8.00000000000002	0.408873240375	1119	7.19775544416938	8.80224455583065
41	WGN46	8.00000000000002	0.408873240374998	1119	7.19775544416939	8.80224455583065
42	WGN46	7.00000000000003	0.408873240374996	1119	6.1977554441694	7.80224455583065
43	WGN46	5.50000000000003	0.408873240374999	1119	4.6977554441694	6.30224455583065
44	WGN46	8.00000000000003	0.408873240375002	1119	7.19775544416939	8.80224455583066
45	WGN46	7.50000000000002	0.408873240375	1119	6.69775544416939	8.30224455583065
46	WGN46	8.5	0.408873240374996	1119	7.69775544416938	9.30224455583063
47	WGN46	8.00000000000002	0.408873240374999	1119	7.19775544416939	8.80224455583065
48	WGN46	8.00000000000003	0.408873240375002	1119	7.19775544416939	8.80224455583066
49	WGN46	8.00000000000003	0.408873240375002	1119	7.19775544416939	8.80224455583066
50	WGN46	7.00000000000002	0.408873240375002	1119	6.19775544416939	7.80224455583066
51	WGN46	7.91071428571431	0.578363137535376	1119	6.77591593609542	9.0455126353332
52	WGN46	8.00000000000001	0.408873240374995	1119	7.19775544416939	8.80224455583063
53	WGN46	7.50000000000004	0.408873240374999	1119	6.69775544416941	8.30224455583067
54	WGN46	8.00000000000002	0.408873240374998	1119	7.19775544416939	8.80224455583065
55	WGN46	8.50000000000003	0.408873240374999	1119	7.6977554441694	9.30224455583066
56	WGN46	8.50000000000002	0.408873240374997	1119	7.69775544416939	9.30224455583064
57	WGN46	7.00000000000003	0.408873240374998	1119	6.19775544416941	7.80224455583066
58	WGN46	8.00000000000001	0.408873240374998	1119	7.19775544416938	8.80224455583063
59	WGN46	8.50000000000002	0.408873240374998	1119	7.69775544416939	9.30224455583065
60	WGN46	6.50000000000004	0.408873240374995	1119	5.69775544416941	7.30224455583066
61	WGN46	9.00000000000003	0.408873240375	1119	8.1977554441694	9.80224455583066
62	WGN46	8.50000000000003	0.408873240375001	1119	7.6977554441694	9.30224455583067
63	WGN46	8.50000000000002	0.408873240374999	1119	7.69775544416939	9.30224455583065
64	WGN46	7.50000000000004	0.408873240374999	1119	6.69775544416941	8.30224455583067
65	WGN46	7.91071428571428	0.578363137535376	1119	6.77591593609539	9.04551263533317
66	WGN46	8.00000000000002	0.408873240374999	1119	7.1977554441694	8.80224455583065
67	WGN46	7.50000000000002	0.408873240374999	1119	6.69775544416939	8.30224455583064
68	WGN46	8.00000000000002	0.408873240374997	1119	7.19775544416939	8.80224455583064
69	WGN46	7.00000000000003	0.408873240375	1119	6.1977554441694	7.80224455583066
70	WGN46	7.00000000000002	0.408873240374996	1119	6.19775544416939	7.80224455583064
71	WGN46	8.50000000000001	0.408873240374999	1119	7.69775544416938	9.30224455583064
72	WGN46	8.00000000000003	0.408873240375	1119	7.1977554441694	8.80224455583066
73	WGN46	7.50000000000002	0.408873240375	1119	6.69775544416938	8.30224455583065
74	WGN46	8.00000000000001	0.408873240374998	1119	7.19775544416939	8.80224455583064
75	WGN46	8.00000000000004	0.408873240375	1119	7.19775544416941	8.80224455583067
76	WGN46	8.00000000000005	0.408873240375	1119	7.19775544416942	8.80224455583068
78	WGN46	8.00000000000002	0.408873240374999	1119	7.19775544416939	8.80224455583065
79	WGN46	8.00000000000002	0.408873240374998	1119	7.1977554441694	8.80224455583065
80	WGN46	8.00000000000003	0.408873240375001	1119	7.1977554441694	8.80224455583067
81	WGN46	7.00000000000002	0.408873240374998	1119	6.1977554441694	7.80224455583065
82	WGN46	7.50000000000003	0.408873240374999	1119	6.6977554441694	8.30224455583066
83	WGN46	8.00000000000003	0.408873240375002	1119	7.19775544416939	8.80224455583066
84	WGN46	8.00000000000003	0.408873240374999	1119	7.1977554441694	8.80224455583066
85	WGN46	7.00000000000002	0.408873240374999	1119	6.19775544416939	7.80224455583065
86	WGN46	8.00000000000003	0.408873240374999	1119	7.1977554441694	8.80224455583066
87	WGN46	9.00000000000002	0.408873240374999	1119	8.19775544416939	9.80224455583065
88	WGN46	7.50000000000003	0.408873240374997	1119	6.6977554441694	8.30224455583065
89	WGN46	7.00000000000001	0.408873240375002	1119	6.19775544416938	7.80224455583065
90	WGN46	8.00000000000002	0.408873240374999	1119	7.1977554441694	8.80224455583065
91	WGN46	8.08928571428575	0.57836313753538	1119	6.95448736466685	9.22408406390465
93	WGN46	7.50000000000003	0.408873240374998	1119	6.6977554441694	8.30224455583066
94	WGN46	8.00000000000003	0.408873240374999	1119	7.1977554441694	8.80224455583066
95	WGN46	9.00000000000003	0.408873240374999	1119	8.1977554441694	9.80224455583066
96	WGN46	10	0.408873240374999	1119	9.1977554441694	10.8022445558307
98	WGN46	7.50000000000003	0.408873240374998	1119	6.69775544416941	8.30224455583066
100	WGN46	8.00000000000003	0.408873240375001	1119	7.1977554441694	8.80224455583067
101	WGN46	8.50000000000002	0.408873240375	1119	7.69775544416939	9.30224455583065
102	WGN46	8.00000000000003	0.408873240375	1119	7.1977554441694	8.80224455583066
103	WGN46	8.00000000000003	0.408873240374999	1119	7.1977554441694	8.80224455583065
104	WGN46	8.50000000000003	0.408873240375	1119	7.6977554441694	9.30224455583066
106	WGN46	8.50000000000003	0.408873240374999	1119	7.6977554441694	9.30224455583066
107	WGN46	8.00000000000003	0.408873240375	1119	7.1977554441694	8.80224455583066
108	WGN46	8.00000000000002	0.408873240374999	1119	7.19775544416939	8.80224455583065
109	WGN46	8.00000000000002	0.408873240374999	1119	7.19775544416939	8.80224455583065
110	WGN46	7.50000000000002	0.408873240375001	1119	6.69775544416939	8.30224455583065
111	WGN46	8.00000000000002	0.408873240375	1119	7.19775544416939	8.80224455583065
112	WGN46	8.50000000000002	0.408873240374999	1119	7.6977554441694	9.30224455583065
113	WGN46	8.00000000000003	0.408873240375	1119	7.1977554441694	8.80224455583066
114	WGN46	7.50000000000003	0.408873240375	1119	6.6977554441694	8.30224455583066
115	WGN46	8.00000000000003	0.408873240375	1119	7.1977554441694	8.80224455583066
116	WGN46	8.00000000000003	0.408873240375	1119	7.1977554441694	8.80224455583066
117	WGN46	7.50000000000002	0.408873240375	1119	6.69775544416939	8.30224455583066
118	WGN46	8.08928571428574	0.578363137535381	1119	6.95448736466684	9.22408406390464
119	WGN46	8.00000000000003	0.408873240375	1119	7.1977554441694	8.80224455583066
120	WGN46	7.00000000000002	0.408873240374999	1119	6.1977554441694	7.80224455583065
121	WGN46	8.00000000000003	0.408873240374999	1119	7.1977554441694	8.80224455583066
122	WGN46	8.00000000000002	0.408873240375	1119	7.19775544416939	8.80224455583065
123	WGN46	7.50000000000002	0.408873240374999	1119	6.6977554441694	8.30224455583065
124	WGN46	7.00000000000002	0.408873240374999	1119	6.1977554441694	7.80224455583065
125	WGN46	8.00000000000002	0.408873240375	1119	7.19775544416939	8.80224455583065
126	WGN46	8.00000000000003	0.408873240375	1119	7.1977554441694	8.80224455583066
127	WGN46	8.00000000000002	0.408873240375	1119	7.19775544416939	8.80224455583065
128	WGN46	8.00000000000002	0.408873240375	1119	7.19775544416939	8.80224455583065
129	WGN46	8.50000000000003	0.408873240375	1119	7.6977554441694	9.30224455583066
130	WGN46	8.00000000000003	0.408873240375	1119	7.1977554441694	8.80224455583066
1	WGN55	7.50000000000007	0.408873240374992	1119	6.69775544416945	8.30224455583068
2	WGN55	9.00000000000008	0.408873240375001	1119	8.19775544416944	9.80224455583071
3	WGN55	7.50000000000005	0.408873240375001	1119	6.69775544416942	8.30224455583069
4	WGN55	8.00000000000006	0.408873240375003	1119	7.19775544416942	8.8022445558307
5	WGN55	8.00000000000005	0.408873240374998	1119	7.19775544416943	8.80224455583068
6	WGN55	8.00000000000002	0.408873240374998	1119	7.19775544416939	8.80224455583065
7	WGN55	7.50000000000003	0.408873240374995	1119	6.69775544416941	8.30224455583065
8	WGN55	9.00000000000008	0.408873240375003	1119	8.19775544416944	9.80224455583071
9	WGN55	8.00000000000004	0.408873240375003	1119	7.1977554441694	8.80224455583068
10	WGN55	9.50000000000007	0.408873240375002	1119	8.69775544416943	10.3022445558307
11	WGN55	8.00000000000005	0.408873240375005	1119	7.19775544416941	8.80224455583069
12	WGN55	8.91071428571431	0.578363137535375	1119	7.77591593609542	10.0455126353332
13	WGN55	8.50000000000004	0.408873240374998	1119	7.69775544416941	9.30224455583067
14	WGN55	8.50000000000002	0.408873240374998	1119	7.69775544416939	9.30224455583064
15	WGN55	8.00000000000006	0.408873240375	1119	7.19775544416943	8.80224455583069
16	WGN55	8.50000000000004	0.408873240374997	1119	7.69775544416942	9.30224455583067
17	WGN55	8.9107142857143	0.578363137535374	1119	7.77591593609541	10.0455126353332
18	WGN55	9.00000000000004	0.408873240375	1119	8.19775544416941	9.80224455583067
19	WGN55	8.00000000000004	0.408873240375	1119	7.19775544416941	8.80224455583067
20	WGN55	8.00000000000006	0.408873240375003	1119	7.19775544416942	8.80224455583069
21	WGN55	8.50000000000003	0.408873240374998	1119	7.69775544416941	9.30224455583066
22	WGN55	8.00000000000005	0.408873240375003	1119	7.19775544416941	8.80224455583069
23	WGN55	8.00000000000004	0.408873240374997	1119	7.19775544416941	8.80224455583066
24	WGN55	9.00000000000005	0.408873240375	1119	8.19775544416942	9.80224455583068
25	WGN55	8.00000000000004	0.408873240375	1119	7.19775544416941	8.80224455583067
26	WGN55	9.00000000000001	0.408873240374995	1119	8.19775544416939	9.80224455583063
27	WGN55	7.50000000000004	0.408873240374998	1119	6.69775544416942	8.30224455583067
28	WGN55	7.91071428571437	0.578363137535377	1119	6.77591593609547	9.04551263533326
29	WGN55	8.00000000000002	0.408873240375	1119	7.19775544416939	8.80224455583066
30	WGN55	8.00000000000004	0.408873240374999	1119	7.19775544416941	8.80224455583067
31	WGN55	8.00000000000004	0.408873240374994	1119	7.19775544416942	8.80224455583066
32	WGN55	8.50000000000003	0.408873240374997	1119	7.6977554441694	9.30224455583065
33	WGN55	8	0.408873240374994	1119	7.19775544416938	8.80224455583062
34	WGN55	7.00000000000005	0.408873240375003	1119	6.19775544416941	7.80224455583068
35	WGN55	7.50000000000006	0.408873240374997	1119	6.69775544416943	8.30224455583068
36	WGN55	8.50000000000004	0.408873240374997	1119	7.69775544416941	9.30224455583066
37	WGN55	8.00000000000003	0.408873240374999	1119	7.1977554441694	8.80224455583066
38	WGN55	8.00000000000002	0.408873240374999	1119	7.19775544416939	8.80224455583065
40	WGN55	8.00000000000004	0.408873240375	1119	7.1977554441694	8.80224455583067
41	WGN55	8.50000000000006	0.408873240375	1119	7.69775544416943	9.30224455583069
42	WGN55	8.50000000000003	0.408873240374997	1119	7.69775544416941	9.30224455583066
43	WGN55	9.00000000000006	0.408873240375002	1119	8.19775544416942	9.80224455583069
44	WGN55	9.00000000000006	0.408873240375	1119	8.19775544416943	9.80224455583069
45	WGN55	8.00000000000006	0.408873240374999	1119	7.19775544416943	8.80224455583069
46	WGN55	7.00000000000002	0.408873240375001	1119	6.19775544416939	7.80224455583065
47	WGN55	8.00000000000005	0.408873240374997	1119	7.19775544416942	8.80224455583067
48	WGN55	7.00000000000004	0.408873240375002	1119	6.19775544416941	7.80224455583067
49	WGN55	7.00000000000002	0.408873240374999	1119	6.19775544416939	7.80224455583065
50	WGN55	8.00000000000006	0.408873240375002	1119	7.19775544416942	8.80224455583069
52	WGN55	8.00000000000004	0.408873240375	1119	7.19775544416941	8.80224455583067
53	WGN55	9.50000000000005	0.408873240374999	1119	8.69775544416942	10.3022445558307
54	WGN55	8.00000000000004	0.408873240375	1119	7.19775544416941	8.80224455583067
55	WGN55	9.00000000000002	0.408873240374996	1119	8.1977554441694	9.80224455583064
56	WGN55	9.00000000000002	0.408873240374996	1119	8.19775544416939	9.80224455583064
57	WGN55	9.00000000000002	0.408873240374997	1119	8.1977554441694	9.80224455583065
58	WGN55	8.00000000000003	0.408873240375	1119	7.1977554441694	8.80224455583066
59	WGN55	8.50000000000005	0.408873240374999	1119	7.69775544416942	9.30224455583068
60	WGN55	7.00000000000006	0.408873240375	1119	6.19775544416943	7.80224455583069
61	WGN55	7.00000000000003	0.408873240375	1119	6.1977554441694	7.80224455583067
62	WGN55	8.00000000000004	0.408873240375001	1119	7.19775544416941	8.80224455583068
63	WGN55	7.50000000000004	0.408873240374998	1119	6.69775544416941	8.30224455583067
64	WGN55	8.00000000000004	0.408873240374999	1119	7.19775544416941	8.80224455583067
65	WGN55	9.00000000000003	0.408873240374998	1119	8.19775544416941	9.80224455583066
66	WGN55	7.50000000000004	0.408873240375	1119	6.69775544416941	8.30224455583067
67	WGN55	8.00000000000005	0.408873240374999	1119	7.19775544416942	8.80224455583068
68	WGN55	6.00000000000005	0.408873240374998	1119	5.19775544416942	6.80224455583068
69	WGN55	8.00000000000004	0.408873240374999	1119	7.19775544416941	8.80224455583067
70	WGN55	8.50000000000006	0.408873240374999	1119	7.69775544416943	9.30224455583068
71	WGN55	7.50000000000004	0.408873240374997	1119	6.69775544416941	8.30224455583066
72	WGN55	8.50000000000004	0.408873240374998	1119	7.69775544416942	9.30224455583067
73	WGN55	8.50000000000007	0.408873240375002	1119	7.69775544416944	9.30224455583071
74	WGN55	8.50000000000003	0.408873240374998	1119	7.69775544416941	9.30224455583066
75	WGN55	8.00000000000004	0.408873240374999	1119	7.19775544416941	8.80224455583067
76	WGN55	8.50000000000005	0.408873240375	1119	7.69775544416942	9.30224455583068
77	WGN55	9.00000000000006	0.408873240375	1119	8.19775544416942	9.80224455583069
78	WGN55	6.50000000000004	0.408873240374999	1119	5.69775544416941	7.30224455583067
80	WGN55	7.50000000000004	0.408873240374997	1119	6.69775544416942	8.30224455583067
81	WGN55	8.50000000000005	0.408873240374999	1119	7.69775544416942	9.30224455583068
82	WGN55	8.00000000000003	0.408873240374999	1119	7.1977554441694	8.80224455583065
83	WGN55	8.00000000000004	0.408873240375001	1119	7.19775544416941	8.80224455583068
84	WGN55	10	0.408873240375	1119	9.1977554441694	10.8022445558307
85	WGN55	8.00000000000004	0.408873240375	1119	7.19775544416941	8.80224455583067
86	WGN55	8.00000000000004	0.408873240374999	1119	7.19775544416941	8.80224455583067
87	WGN55	7.00000000000004	0.408873240374999	1119	6.19775544416941	7.80224455583067
88	WGN55	6.50000000000005	0.408873240374999	1119	5.69775544416942	7.30224455583068
89	WGN55	9.00000000000005	0.408873240374999	1119	8.19775544416942	9.80224455583068
90	WGN55	8.00000000000005	0.408873240375	1119	7.19775544416942	8.80224455583068
91	WGN55	8.00000000000004	0.408873240374999	1119	7.19775544416942	8.80224455583067
92	WGN55	8.50000000000003	0.408873240374997	1119	7.69775544416941	9.30224455583066
93	WGN55	7.50000000000004	0.408873240374999	1119	6.69775544416941	8.30224455583067
94	WGN55	7.50000000000004	0.408873240374999	1119	6.69775544416941	8.30224455583067
95	WGN55	8.50000000000004	0.408873240374998	1119	7.69775544416941	9.30224455583067
96	WGN55	8.00000000000004	0.408873240374998	1119	7.19775544416941	8.80224455583067
97	WGN55	8.00000000000004	0.408873240374999	1119	7.19775544416941	8.80224455583067
98	WGN55	8.00000000000004	0.408873240374999	1119	7.19775544416941	8.80224455583067
99	WGN55	8.00000000000005	0.408873240375	1119	7.19775544416941	8.80224455583068
100	WGN55	8.00000000000005	0.408873240375	1119	7.19775544416942	8.80224455583068
101	WGN55	9.00000000000004	0.408873240374999	1119	8.19775544416941	9.80224455583067
102	WGN55	7.00000000000004	0.408873240374999	1119	6.19775544416941	7.80224455583067
103	WGN55	8.50000000000004	0.408873240374998	1119	7.69775544416941	9.30224455583066
104	WGN55	8.50000000000004	0.408873240374999	1119	7.69775544416941	9.30224455583067
105	WGN55	8.00000000000004	0.408873240374999	1119	7.19775544416941	8.80224455583067
106	WGN55	7.50000000000004	0.408873240374998	1119	6.69775544416941	8.30224455583067
107	WGN55	7.50000000000004	0.408873240374999	1119	6.69775544416941	8.30224455583067
108	WGN55	8.50000000000004	0.408873240374999	1119	7.69775544416941	9.30224455583067
109	WGN55	8.00000000000004	0.408873240374999	1119	7.19775544416941	8.80224455583067
110	WGN55	8.50000000000005	0.408873240375	1119	7.69775544416942	9.30224455583068
111	WGN55	8.50000000000004	0.408873240374999	1119	7.69775544416941	9.30224455583067
112	WGN55	8.50000000000004	0.408873240374999	1119	7.69775544416941	9.30224455583067
113	WGN55	8.00000000000004	0.408873240374999	1119	7.19775544416941	8.80224455583067
114	WGN55	7.00000000000004	0.408873240374999	1119	6.19775544416942	7.80224455583067
115	WGN55	8.50000000000004	0.408873240374999	1119	7.69775544416941	9.30224455583067
116	WGN55	8.08928571428576	0.578363137535377	1119	6.95448736466686	9.22408406390465
117	WGN55	8.00000000000004	0.408873240374999	1119	7.19775544416941	8.80224455583067
118	WGN55	8.50000000000004	0.408873240374999	1119	7.69775544416941	9.30224455583067
119	WGN55	8.50000000000004	0.408873240374999	1119	7.69775544416941	9.30224455583067
120	WGN55	8.50000000000004	0.408873240374999	1119	7.69775544416941	9.30224455583067
121	WGN55	8.50000000000004	0.408873240374999	1119	7.69775544416941	9.30224455583067
122	WGN55	8.50000000000004	0.408873240374999	1119	7.69775544416941	9.30224455583067
123	WGN55	7.50000000000004	0.408873240374999	1119	6.69775544416941	8.30224455583067
124	WGN55	9.00000000000004	0.408873240374999	1119	8.19775544416941	9.80224455583067
125	WGN55	8.50000000000004	0.408873240374999	1119	7.69775544416941	9.30224455583067
126	WGN55	8.00000000000004	0.408873240374999	1119	7.19775544416941	8.80224455583067
128	WGN55	8.00000000000004	0.408873240374999	1119	7.19775544416941	8.80224455583067
129	WGN55	8.50000000000004	0.408873240374999	1119	7.69775544416941	9.30224455583067
130	WGN55	8.50000000000004	0.408873240374999	1119	7.69775544416941	9.30224455583067
1	WGN63	7.00000000000009	0.408873240375	1119	6.19775544416945	7.80224455583072
2	WGN63	7.50000000000001	0.408873240375	1119	6.69775544416938	8.30224455583064
3	WGN63	8.00000000000006	0.408873240375002	1119	7.19775544416943	8.80224455583069
4	WGN63	8.00000000000004	0.408873240374996	1119	7.19775544416942	8.80224455583067
5	WGN63	6.50000000000006	0.408873240375001	1119	5.69775544416942	7.30224455583069
6	WGN63	7.91071428571431	0.578363137535374	1119	6.77591593609542	9.04551263533319
7	WGN63	6.00000000000003	0.408873240375002	1119	5.1977554441694	6.80224455583067
8	WGN63	6.50000000000003	0.408873240375001	1119	5.69775544416939	7.30224455583066
9	WGN63	7.00000000000004	0.408873240374999	1119	6.19775544416941	7.80224455583067
10	WGN63	7.50000000000005	0.408873240374997	1119	6.69775544416942	8.30224455583068
12	WGN63	7.00000000000003	0.408873240375	1119	6.1977554441694	7.80224455583066
13	WGN63	6.00000000000004	0.408873240374998	1119	5.19775544416941	6.80224455583067
14	WGN63	7.00000000000002	0.408873240375003	1119	6.19775544416939	7.80224455583066
16	WGN63	6.00000000000006	0.408873240374997	1119	5.19775544416943	6.80224455583068
17	WGN63	6.00000000000005	0.408873240374999	1119	5.19775544416942	6.80224455583068
18	WGN63	6.00000000000005	0.408873240374998	1119	5.19775544416942	6.80224455583067
19	WGN63	6.50000000000004	0.408873240374998	1119	5.69775544416941	7.30224455583067
20	WGN63	7.00000000000004	0.408873240374998	1119	6.19775544416942	7.80224455583067
21	WGN63	7.00000000000003	0.408873240375	1119	6.1977554441694	7.80224455583066
22	WGN63	6.00000000000005	0.408873240374999	1119	5.19775544416942	6.80224455583068
23	WGN63	6.50000000000004	0.408873240374999	1119	5.69775544416942	7.30224455583067
24	WGN63	7.50000000000004	0.408873240374998	1119	6.69775544416941	8.30224455583067
25	WGN63	6.00000000000004	0.408873240374998	1119	5.19775544416942	6.80224455583067
26	WGN63	7.50000000000004	0.408873240375002	1119	6.6977554441694	8.30224455583067
27	WGN63	6.50000000000004	0.408873240375002	1119	5.6977554441694	7.30224455583067
28	WGN63	7.50000000000004	0.408873240374997	1119	6.69775544416942	8.30224455583067
29	WGN63	6.50000000000004	0.408873240374999	1119	5.69775544416942	7.30224455583067
30	WGN63	8.00000000000003	0.408873240375001	1119	7.1977554441694	8.80224455583066
31	WGN63	6.00000000000004	0.408873240375001	1119	5.19775544416941	6.80224455583067
32	WGN63	7.00000000000004	0.408873240374999	1119	6.19775544416941	7.80224455583067
33	WGN63	6.50000000000005	0.408873240374999	1119	5.69775544416942	7.30224455583068
34	WGN63	8.00000000000005	0.408873240375001	1119	7.19775544416941	8.80224455583068
35	WGN63	6.00000000000004	0.408873240374997	1119	5.19775544416942	6.80224455583066
36	WGN63	6.50000000000004	0.408873240375	1119	5.69775544416941	7.30224455583067
37	WGN63	7.50000000000007	0.408873240374997	1119	6.69775544416944	8.30224455583069
38	WGN63	7.50000000000006	0.408873240375001	1119	6.69775544416943	8.30224455583069
39	WGN63	8.00000000000006	0.408873240374998	1119	7.19775544416943	8.80224455583068
40	WGN63	6.50000000000006	0.408873240374996	1119	5.69775544416943	7.30224455583068
41	WGN63	7.9107142857143	0.578363137535376	1119	6.77591593609541	9.04551263533319
42	WGN63	6.00000000000006	0.408873240374996	1119	5.19775544416944	6.80224455583068
43	WGN63	6.00000000000004	0.408873240374998	1119	5.19775544416941	6.80224455583067
44	WGN63	6.50000000000003	0.408873240375001	1119	5.69775544416939	7.30224455583066
45	WGN63	8.00000000000005	0.408873240375001	1119	7.19775544416942	8.80224455583068
46	WGN63	7.00000000000005	0.408873240374996	1119	6.19775544416942	7.80224455583067
47	WGN63	6.00000000000005	0.408873240374999	1119	5.19775544416942	6.80224455583068
48	WGN63	6.50000000000003	0.408873240375002	1119	5.6977554441694	7.30224455583067
49	WGN63	8.00000000000006	0.408873240375002	1119	7.19775544416942	8.80224455583069
50	WGN63	6.00000000000003	0.408873240375002	1119	5.19775544416939	6.80224455583066
51	WGN63	7.08928571428577	0.57836313753538	1119	5.95448736466687	8.22408406390467
52	WGN63	6.00000000000003	0.408873240374999	1119	5.19775544416941	6.80224455583066
53	WGN63	7.00000000000005	0.408873240374999	1119	6.19775544416942	7.80224455583068
54	WGN63	6.50000000000004	0.408873240374999	1119	5.69775544416941	7.30224455583067
55	WGN63	6.50000000000004	0.408873240375001	1119	5.69775544416941	7.30224455583067
56	WGN63	6.00000000000004	0.408873240374999	1119	5.19775544416941	6.80224455583067
57	WGN63	6.50000000000005	0.408873240374997	1119	5.69775544416943	7.30224455583068
58	WGN63	7.50000000000005	0.408873240375	1119	6.69775544416942	8.30224455583068
59	WGN63	7.00000000000005	0.408873240374999	1119	6.19775544416942	7.80224455583068
60	WGN63	7.00000000000002	0.408873240375001	1119	6.19775544416939	7.80224455583066
61	WGN63	7.50000000000004	0.408873240374999	1119	6.69775544416941	8.30224455583067
62	WGN63	6.00000000000003	0.408873240375	1119	5.1977554441694	6.80224455583066
63	WGN63	6.00000000000005	0.408873240374998	1119	5.19775544416942	6.80224455583068
64	WGN63	8.00000000000004	0.408873240374999	1119	7.19775544416942	8.80224455583067
65	WGN63	8.00000000000001	0.408873240374999	1119	7.19775544416938	8.80224455583063
66	WGN63	7.50000000000005	0.408873240375001	1119	6.69775544416941	8.30224455583068
67	WGN63	6.00000000000004	0.408873240374999	1119	5.19775544416941	6.80224455583067
68	WGN63	7.50000000000004	0.408873240374997	1119	6.69775544416941	8.30224455583066
69	WGN63	7.00000000000004	0.408873240374998	1119	6.19775544416942	7.80224455583067
70	WGN63	7.50000000000004	0.408873240374999	1119	6.69775544416941	8.30224455583067
72	WGN63	7.50000000000004	0.408873240374998	1119	6.69775544416941	8.30224455583067
73	WGN63	7.50000000000004	0.408873240374999	1119	6.69775544416941	8.30224455583067
74	WGN63	6.50000000000003	0.408873240374997	1119	5.69775544416941	7.30224455583066
75	WGN63	8.50000000000003	0.408873240374997	1119	7.6977554441694	9.30224455583065
76	WGN63	7.00000000000005	0.408873240374999	1119	6.19775544416942	7.80224455583068
77	WGN63	6.00000000000004	0.408873240374999	1119	5.19775544416941	6.80224455583067
78	WGN63	6.00000000000004	0.408873240375	1119	5.19775544416941	6.80224455583067
79	WGN63	8.00000000000004	0.408873240374998	1119	7.19775544416941	8.80224455583067
80	WGN63	6.00000000000004	0.408873240375	1119	5.19775544416941	6.80224455583067
81	WGN63	7.00000000000005	0.408873240374999	1119	6.19775544416942	7.80224455583068
82	WGN63	7.00000000000005	0.408873240374999	1119	6.19775544416942	7.80224455583068
83	WGN63	7.50000000000004	0.408873240375	1119	6.69775544416941	8.30224455583067
84	WGN63	7.50000000000004	0.408873240375	1119	6.69775544416941	8.30224455583067
85	WGN63	7.50000000000005	0.408873240374999	1119	6.69775544416942	8.30224455583068
86	WGN63	7.00000000000004	0.408873240374999	1119	6.19775544416941	7.80224455583067
87	WGN63	6.50000000000004	0.408873240374999	1119	5.69775544416941	7.30224455583067
88	WGN63	6.50000000000005	0.408873240374999	1119	5.69775544416942	7.30224455583067
89	WGN63	6.00000000000004	0.408873240374998	1119	5.19775544416942	6.80224455583067
90	WGN63	8.08928571428576	0.578363137535378	1119	6.95448736466686	9.22408406390465
91	WGN63	6.00000000000004	0.408873240374999	1119	5.19775544416941	6.80224455583067
92	WGN63	6.00000000000004	0.408873240374999	1119	5.19775544416942	6.80224455583067
93	WGN63	6.00000000000005	0.408873240374999	1119	5.19775544416942	6.80224455583068
94	WGN63	7.50000000000004	0.408873240374999	1119	6.69775544416941	8.30224455583067
95	WGN63	7.91071428571432	0.578363137535378	1119	6.77591593609543	9.04551263533322
96	WGN63	6.50000000000005	0.408873240374998	1119	5.69775544416943	7.30224455583068
97	WGN63	7.50000000000005	0.408873240375	1119	6.69775544416941	8.30224455583068
98	WGN63	6.50000000000004	0.408873240374999	1119	5.69775544416941	7.30224455583067
99	WGN63	6.00000000000004	0.408873240375	1119	5.19775544416941	6.80224455583067
100	WGN63	7.00000000000004	0.408873240374998	1119	6.19775544416941	7.80224455583067
101	WGN63	6.00000000000004	0.408873240374999	1119	5.19775544416941	6.80224455583067
102	WGN63	7.50000000000005	0.408873240374999	1119	6.69775544416942	8.30224455583067
103	WGN63	8.00000000000005	0.408873240374999	1119	7.19775544416942	8.80224455583068
105	WGN63	8.00000000000003	0.408873240374999	1119	7.1977554441694	8.80224455583066
106	WGN63	6.91071428571433	0.578363137535379	1119	5.77591593609543	8.04551263533322
107	WGN63	6.50000000000004	0.408873240374999	1119	5.69775544416941	7.30224455583067
109	WGN63	6.50000000000004	0.408873240374999	1119	5.69775544416941	7.30224455583067
110	WGN63	7.00000000000004	0.408873240374998	1119	6.19775544416941	7.80224455583067
111	WGN63	7.50000000000005	0.408873240375	1119	6.69775544416941	8.30224455583068
112	WGN63	8.00000000000004	0.408873240374999	1119	7.19775544416941	8.80224455583067
114	WGN63	7.50000000000004	0.408873240374999	1119	6.69775544416941	8.30224455583067
115	WGN63	7.50000000000004	0.408873240374999	1119	6.69775544416941	8.30224455583067
116	WGN63	7.50000000000004	0.408873240374999	1119	6.69775544416941	8.30224455583067
117	WGN63	6.00000000000004	0.408873240374999	1119	5.19775544416941	6.80224455583067
118	WGN63	7.00000000000004	0.408873240374999	1119	6.19775544416941	7.80224455583067
119	WGN63	7.00000000000004	0.408873240374999	1119	6.19775544416941	7.80224455583067
121	WGN63	6.50000000000004	0.408873240374999	1119	5.69775544416941	7.30224455583067
122	WGN63	8.00000000000004	0.408873240374999	1119	7.19775544416941	8.80224455583067
123	WGN63	7.00000000000004	0.408873240374999	1119	6.19775544416941	7.80224455583067
124	WGN63	6.50000000000004	0.408873240374999	1119	5.69775544416941	7.30224455583067
125	WGN63	6.50000000000004	0.408873240374999	1119	5.69775544416941	7.30224455583067
126	WGN63	6.00000000000004	0.408873240374999	1119	5.19775544416941	6.80224455583067
127	WGN63	6.50000000000004	0.408873240374999	1119	5.69775544416941	7.30224455583067
128	WGN63	6.00000000000004	0.408873240374999	1119	5.19775544416942	6.80224455583067
129	WGN63	8.00000000000004	0.408873240374999	1119	7.19775544416941	8.80224455583067
130	WGN63	7.00000000000004	0.408873240374999	1119	6.19775544416942	7.80224455583067
