plantID3	famID	emmean	SE	df	lower.CL	upper.CL
1	WGN07	16.2756821702116	7.56149368556941	46	1.05518480927186	31.4961795311513
2	WGN07	39.9716261702152	7.5614936855697	46	24.7511288092749	55.1921235311555
3	WGN07	11.7398181702151	7.56149368556872	46	-3.48067919072324	26.9603155311534
4	WGN07	9.47182617020973	7.56149368556872	46	-5.74867119072859	24.6923235311481
5	WGN07	39.7231261702166	7.5614936855694	46	24.5026288092769	54.9436235311563
6	WGN07	10.4254751702162	7.56149368556937	46	-4.79502219072344	25.6459725311558
7	WGN07	13.207105170213	7.56149368556877	46	-2.01339219072542	28.4276025311514
8	WGN07	14.3403421702134	7.56149368556893	46	-0.880155190725306	29.5608395311522
10	WGN07	10.4005371702108	7.56149368556907	46	-4.81996019072825	25.6210345311498
11	WGN07	27.6038421702127	7.56149368556876	46	12.3833448092743	42.8243395311511
12	WGN07	17.7328641702134	7.56149368556909	46	2.51236680927433	32.9533615311525
14	WGN07	49.6557481702132	7.56149368556915	46	34.435250809274	64.8762455311524
15	WGN07	16.7863351702128	7.56149368556907	46	1.56583780927378	32.0068325311519
16	WGN07	25.0623821702131	7.56149368556881	46	9.8418848092746	40.2828795311516
17	WGN07	42.3833131702127	7.561493685569	46	27.1628158092738	57.6038105311516
18	WGN07	11.789919170213	7.56149368556899	46	-3.43057819072585	27.0104165311519
20	WGN07	3.40705017021298	7.56149368556897	46	-11.8134471907258	18.6275475311518
22	WGN07	35.5897751702124	7.56149368556907	46	20.3692778092734	50.8102725311514
24	WGN07	19.5265125	5.31856804786109	46	8.82079028390689	30.2322347160931
25	WGN07	17.3760181702126	7.56149368556928	46	2.15552080927314	32.596515531152
26	WGN07	31.3594841702131	7.56149368556886	46	16.1389868092744	46.5799815311517
27	WGN07	66.3877821702137	7.56149368556909	46	51.1672848092746	81.6082795311528
28	WGN07	14.3942671702132	7.56149368556898	46	-0.826230190725688	29.614764531152
29	WGN07	21.4453161702125	7.56149368556894	46	6.22481880927376	36.6658135311513
31	WGN07	20.8062391702126	7.56149368556907	46	5.5857418092736	36.0267365311517
32	WGN07	13.8239858297875	7.56149368556896	46	-1.39651153115133	29.0444831907263
33	WGN07	35.8559541702129	7.56149368556913	46	20.6354568092737	51.076451531152
34	WGN07	42.8399311702128	7.56149368556928	46	27.6194338092734	58.0604285311523
35	WGN07	60.2971861702123	7.56149368556899	46	45.0766888092734	75.5176835311512
36	WGN07	9.1493151702119	7.56149368556912	46	-6.07118219072722	24.369812531151
37	WGN07	8.66658617021195	7.56149368556898	46	-6.5539111907269	23.8870835311508
38	WGN07	39.416974170213	7.56149368556903	46	24.196476809274	54.6374715311519
39	WGN07	23.1379081702127	7.56149368556903	46	7.9174108092737	38.3584055311516
40	WGN07	13.7451621702126	7.56149368556914	46	-1.47533519072654	28.9656595311518
41	WGN07	20.2747551702128	7.561493685569	46	5.05425780927394	35.4952525311517
42	WGN07	30.499800170213	7.56149368556901	46	15.2793028092741	45.7202975311519
44	WGN07	12.077504170213	7.5614936855689	46	-3.14299319072573	27.2980015311516
46	WGN07	11.558502	5.31856804786113	46	0.852779783906874	22.2642242160932
47	WGN07	30.6895001702125	7.56149368556901	46	15.4690028092736	45.9099975311514
48	WGN07	11.2350391702127	7.56149368556897	46	-3.98545819072612	26.4555365311515
49	WGN07	45.002293170213	7.5614936855692	46	29.7817958092737	60.2227905311523
52	WGN07	28.3167181702124	7.56149368556889	46	13.0962208092737	43.5372155311511
53	WGN07	40.0712701702125	7.56149368556902	46	24.8507728092736	55.2917675311515
55	WGN07	30.9272201702126	7.56149368556914	46	15.7067228092734	46.1477175311517
56	WGN07	23.7258181702139	7.56149368556933	46	8.50532080927439	38.9463155311535
57	WGN07	29.5229431702122	7.56149368556911	46	14.3024458092731	44.7434405311513
58	WGN07	16.448488170213	7.5614936855688	46	1.22799080927452	31.6689855311515
60	WGN07	29.1358181702129	7.56149368556903	46	13.915320809274	44.3563155311519
61	WGN07	43.5943881702123	7.56149368556899	46	28.3738908092734	58.8148855311511
63	WGN07	14.1586481702127	7.56149368556909	46	-1.06184919072641	29.3791455311517
64	WGN07	25.9503181702127	7.56149368556901	46	10.7298208092738	41.1708155311517
66	WGN07	33.4980590000002	5.31856804786118	46	22.7923367839069	44.2037812160934
67	WGN07	12.437860170212	7.56149368556888	46	-2.78263719072665	27.6583575311506
68	WGN07	10.1496381702129	7.56149368556921	46	-5.07085919072638	25.3701355311522
69	WGN07	32.492466170213	7.56149368556917	46	17.2719688092738	47.7129635311522
71	WGN07	16.6347911702126	7.5614936855691	46	1.41429380927348	31.8552885311516
73	WGN07	14.6427851702132	7.56149368556892	46	-0.577712190725586	29.8632825311519
74	WGN07	40.2996461702123	7.56149368556905	46	25.0791488092733	55.5201435311513
75	WGN07	22.5588181702124	7.56149368556888	46	7.33832080927372	37.779315531151
76	WGN07	12.680689170213	7.56149368556907	46	-2.53980819072604	27.901186531152
77	WGN07	52.1083661702136	7.56149368556925	46	36.8878688092742	67.328863531153
78	WGN07	17.6179901702124	7.56149368556893	46	2.39749280927369	32.8384875311512
79	WGN07	27.2856081702126	7.56149368556906	46	12.0651108092735	42.5061055311516
82	WGN07	27.3298181702127	7.56149368556902	46	12.1093208092737	42.5503155311516
83	WGN07	9.27294317021316	7.56149368556901	46	-5.94755419072576	24.4934405311521
84	WGN07	23.6888181702129	7.56149368556914	46	8.46832080927369	38.909315531152
85	WGN07	26.4892381702127	7.56149368556907	46	11.2687408092737	41.7097355311518
86	WGN07	22.1492061702127	7.56149368556914	46	6.92870880927352	37.3697035311519
87	WGN07	28.8836501702125	7.56149368556893	46	13.6631528092738	44.1041475311513
90	WGN07	31.8996661702124	7.56149368556906	46	16.6791688092734	47.1201635311514
91	WGN07	59.0034701702138	7.56149368556913	46	43.7829728092747	74.223967531153
92	WGN07	7.55629217021323	7.56149368556918	46	-7.66420519072603	22.7767895311525
93	WGN07	31.5348181702129	7.56149368556915	46	16.3143208092737	46.7553155311521
94	WGN07	29.1007071702126	7.56149368556902	46	13.8802098092737	44.3212045311516
95	WGN07	38.8323271702131	7.56149368556922	46	23.6118298092738	54.0528245311525
96	WGN07	10.1438681702126	7.56149368556926	46	-5.07662919072678	25.364365531152
97	WGN07	53.4958751702123	7.56149368556883	46	38.2753778092738	68.7163725311509
98	WGN07	20.2916541702128	7.56149368556915	46	5.07115680927357	35.512151531152
99	WGN07	25.6172721702127	7.56149368556919	46	10.3967748092734	40.8377695311519
100	WGN07	6.98871817021295	7.561493685569	46	-8.23177919072595	22.2092155311518
101	WGN07	31.7159561702128	7.56149368556907	46	16.4954588092737	46.9364535311518
102	WGN07	15.5008181702125	7.56149368556907	46	0.280320809273524	30.7213155311516
103	WGN07	24.0434981702129	7.56149368556903	46	8.82300080927399	39.2639955311519
105	WGN07	40.1779491702126	7.56149368556897	46	24.9574518092737	55.3984465311514
106	WGN07	39.4829981702128	7.56149368556912	46	24.2625008092737	54.703495531152
108	WGN07	6.17034217021285	7.561493685569	46	-9.05015519072603	21.3908395311517
109	WGN07	5.91616817021313	7.56149368556893	46	-9.30432919072561	21.1366655311519
111	WGN07	24.2544981702125	7.56149368556906	46	9.03400080927353	39.4749955311516
112	WGN07	17.6051071702127	7.5614936855689	46	2.384609809274	32.8256045311514
113	WGN07	16.9718181702128	7.56149368556904	46	1.75132080927381	32.1923155311518
114	WGN07	14.9598311702121	7.561493685569	46	-0.260666190726761	30.180328531151
115	WGN07	42.9307381702126	7.56149368556905	46	27.7102408092736	58.1512355311516
116	WGN07	21.0119061702126	7.56149368556913	46	5.79140880927346	36.2324035311518
117	WGN07	17.1774781702126	7.56149368556907	46	1.95698080927354	32.3979755311516
118	WGN07	20.206818170212	7.56149368556911	46	4.98632080927286	35.4273155311511
119	WGN07	30.6250804999999	5.31856804786115	46	19.9193582839067	41.3308027160931
120	WGN07	15.951348170213	7.56149368556885	46	0.730850809274378	31.1718455311516
121	WGN07	19.9041531702121	7.56149368556905	46	4.68365580927313	35.1246505311511
122	WGN07	5.83528717021278	7.56149368556897	46	-9.38521019072605	21.0557845311516
123	WGN07	33.5528181702125	7.5614936855689	46	18.3323208092738	48.7733155311511
124	WGN07	28.7293981702123	7.56149368556898	46	13.5089008092734	43.9498955311511
125	WGN07	31.6667561702133	7.56149368556919	46	16.446258809274	46.8872535311526
126	WGN07	16.3945141702124	7.56149368556907	46	1.1740168092734	31.6150115311515
127	WGN07	45.307818170213	7.56149368556909	46	30.0873208092739	60.528315531152
128	WGN07	15.0186541702127	7.56149368556905	46	-0.201843190726301	30.2391515311517
129	WGN07	33.1023651702126	7.56149368556901	46	17.8818678092737	48.3228625311516
130	WGN07	26.0236521702128	7.56149368556917	46	10.8031548092736	41.2441495311521
3	WGN15	40.4915681702131	7.56149368556911	46	25.271070809274	55.7120655311523
4	WGN15	25.6468181702124	7.5614936855691	46	10.4263208092733	40.8673155311515
5	WGN15	18.3037621702123	7.56149368556902	46	3.08326480927341	33.5242595311513
7	WGN15	26.2275881702132	7.56149368556917	46	11.0070908092739	41.4480855311524
8	WGN15	41.6546951702126	7.56149368556907	46	26.4341978092735	56.8751925311516
9	WGN15	17.4353481702126	7.56149368556894	46	2.21485080927384	32.6558455311514
10	WGN15	37.637755	5.31856804786122	46	26.9320327839067	48.3434772160934
11	WGN15	36.4217421702121	7.56149368556907	46	21.2012448092731	51.6422395311511
12	WGN15	11.7607781702126	7.56149368556897	46	-3.45971919072621	26.9812755311515
13	WGN15	29.985698170213	7.56149368556902	46	14.7652008092741	45.2061955311519
14	WGN15	10.0279211702124	7.56149368556907	46	-5.19257619072667	25.2484185311514
15	WGN15	17.311771170213	7.56149368556915	46	2.09127380927386	32.5322685311522
16	WGN15	8.90704417021206	7.56149368556909	46	-6.313453190727	24.1275415311511
17	WGN15	30.0664681702134	7.56149368556909	46	14.8459708092743	45.2869655311525
18	WGN15	41.634518170211	7.56149368556901	46	26.4140208092721	56.8550155311499
20	WGN15	28.4564861702124	7.56149368556911	46	13.2359888092733	43.6769835311515
21	WGN15	41.2547091702117	7.56149368556903	46	26.0342118092728	56.4752065311507
22	WGN15	9.75257817021218	7.56149368556921	46	-5.46791919072712	24.9730755311515
23	WGN15	57.7368541702125	7.561493685569	46	42.5163568092736	72.9573515311514
24	WGN15	4.79725817021288	7.56149368556906	46	-10.4232391907261	20.0177555311519
25	WGN15	16.5008181702127	7.56149368556899	46	1.28032080927379	31.7213155311515
26	WGN15	45.535054170213	7.56149368556907	46	30.314556809274	60.755551531152
27	WGN15	48.0093841702122	7.5614936855689	46	32.7888868092735	63.2298815311509
28	WGN15	33.3237631702118	7.56149368556937	46	18.1032658092722	48.5442605311514
29	WGN15	36.8118581702117	7.56149368556902	46	21.5913608092727	52.0323555311506
30	WGN15	24.7588181702116	7.56149368556904	46	9.53832080927262	39.9793155311506
31	WGN15	25.3339821702129	7.56149368556922	46	10.1134848092735	40.5544795311522
32	WGN15	49.3802681702127	7.5614936855691	46	34.1597708092736	64.6007655311517
33	WGN15	41.8565181702119	7.56149368556895	46	26.6360208092731	57.0770155311507
34	WGN15	14.5845381702125	7.56149368556896	46	-0.635959190726286	29.8050355311513
35	WGN15	48.8245801702131	7.56149368556914	46	33.6040828092739	64.0450775311522
36	WGN15	13.8234681702122	7.5614936855691	46	-1.39702919072692	29.0439655311513
37	WGN15	35.7091581702124	7.56149368556895	46	20.4886608092736	50.9296555311512
38	WGN15	2.44548717021272	7.56149368556902	46	-12.7750101907262	17.6659845311517
39	WGN15	29.1201281702124	7.56149368556904	46	13.8996308092734	44.3406255311514
41	WGN15	34.6692481702123	7.56149368556898	46	19.4487508092734	49.8897455311512
44	WGN15	40.6614941702124	7.56149368556901	46	25.4409968092735	55.8819915311514
46	WGN15	18.5679741702122	7.56149368556909	46	3.34747680927311	33.7884715311512
47	WGN15	38.8637981702132	7.56149368556915	46	23.643300809274	54.0842955311524
50	WGN15	27.8251191702136	7.56149368556896	46	12.6046218092748	43.0456165311524
51	WGN15	16.8711254999998	5.31856804786122	46	6.1654032839065	27.5768477160932
52	WGN15	27.2617381702124	7.56149368556905	46	12.0412408092734	42.4822355311514
53	WGN15	16.1975981702126	7.56149368556901	46	0.977100809273638	31.4180955311515
54	WGN15	31.1180131702128	7.56149368556908	46	15.8975158092737	46.3385105311518
55	WGN15	20.7953781702123	7.56149368556905	46	5.5748808092733	36.0158755311513
56	WGN15	18.1880581702126	7.5614936855689	46	2.96756080927396	33.4085555311513
57	WGN15	19.6439381702128	7.56149368556924	46	4.4234408092734	34.8644355311521
58	WGN15	43.5228181702119	7.56149368556893	46	28.3023208092731	58.7433155311506
59	WGN15	49.4580251702122	7.56149368556918	46	34.237527809273	64.6785225311515
60	WGN15	9.31441817021242	7.56149368556897	46	-5.9060791907264	24.5349155311512
61	WGN15	43.2329401702128	7.56149368556904	46	28.0124428092738	58.4534375311518
62	WGN15	31.2319381702125	7.56149368556897	46	16.0114408092737	46.4524355311514
63	WGN15	37.1741581702127	7.56149368556901	46	21.9536608092738	52.3946555311516
64	WGN15	6.6809821702126	7.56149368556891	46	-8.53951519072611	21.9014795311513
65	WGN15	42.8763231702124	7.56149368556909	46	27.6558258092733	58.0968205311514
66	WGN15	26.8372931702125	7.56149368556913	46	11.6167958092733	42.0577905311517
67	WGN15	67.6530981702139	7.56149368556924	46	52.4326008092745	82.8735955311533
69	WGN15	28.6231281702125	7.56149368556909	46	13.4026308092734	43.8436255311515
70	WGN15	11.8983221702125	7.56149368556891	46	-3.32217519072624	27.1188195311512
73	WGN15	33.8931831702121	7.56149368556895	46	18.6726858092734	49.1136805311509
74	WGN15	15.5932281702127	7.5614936855691	46	0.37273080927363	30.8137255311518
75	WGN15	28.5597181702134	7.56149368556911	46	13.3392208092743	43.7802155311525
77	WGN15	19.9156881702122	7.56149368556892	46	4.69519080927351	35.136185531151
78	WGN15	12.4954781702123	7.5614936855691	46	-2.7250191907268	27.7159755311514
80	WGN15	13.076498170213	7.56149368556891	46	-2.14399919072575	28.2969955311517
81	WGN15	48.2806741702119	7.56149368556891	46	33.0601768092732	63.5011715311506
82	WGN15	32.6091781702125	7.56149368556904	46	17.3886808092735	47.8296755311515
83	WGN15	38.5628091702119	7.56149368556898	46	23.342311809273	53.7833065311507
84	WGN15	46.6234741702128	7.56149368556896	46	31.402976809274	61.8439715311516
85	WGN15	44.0598521702125	7.56149368556898	46	28.8393548092736	59.2803495311513
86	WGN15	15.2352531702124	7.56149368556898	46	0.0147558092735203	30.4557505311512
87	WGN15	24.9264181702125	7.56149368556905	46	9.70592080927349	40.1469155311515
88	WGN15	25.4149461702125	7.56149368556907	46	10.1944488092735	40.6354435311515
89	WGN15	21.7019431702128	7.56149368556898	46	6.48144580927395	36.9224405311517
90	WGN15	21.4758181702124	7.56149368556896	46	6.25532080927359	36.6963155311512
92	WGN15	12.5842181702127	7.56149368556912	46	-2.63627919072643	27.8047155311518
93	WGN15	30.7329881702125	7.56149368556914	46	15.5124908092734	45.9534855311517
94	WGN15	44.1966101702117	7.56149368556907	46	28.9761128092727	59.4171075311507
95	WGN15	21.0656481702124	7.56149368556903	46	5.84515080927348	36.2861455311514
96	WGN15	40.2021281702125	7.56149368556906	46	24.9816308092735	55.4226255311515
97	WGN15	27.4395831702125	7.56149368556906	46	12.2190858092735	42.6600805311515
98	WGN15	24.0846681702123	7.5614936855689	46	8.86417080927366	39.305165531151
100	WGN15	26.1465381702122	7.56149368556894	46	10.9260408092734	41.367035531151
101	WGN15	57.4848181702109	7.56149368556887	46	42.2643208092722	72.7053155311495
102	WGN15	17.5933681702124	7.56149368556911	46	2.37287080927329	32.8138655311515
103	WGN15	13.7638221702126	7.56149368556899	46	-1.45667519072625	28.9843195311515
104	WGN15	27.2509129999995	5.31856804786116	46	16.5451907839063	37.9566352160927
106	WGN15	23.2306781702126	7.56149368556904	46	8.01018080927362	38.4511755311516
107	WGN15	28.4116431702122	7.56149368556888	46	13.1911458092735	43.6321405311508
108	WGN15	22.3019381702128	7.56149368556896	46	7.08144080927399	37.5224355311516
109	WGN15	51.664606170212	7.56149368556903	46	36.4441088092731	66.885103531151
110	WGN15	22.7922631702122	7.56149368556903	46	7.57176580927321	38.0127605311511
111	WGN15	30.5882181702125	7.56149368556908	46	15.3677208092735	45.8087155311515
112	WGN15	23.9877621702124	7.56149368556903	46	8.76726480927345	39.2082595311514
113	WGN15	3.14989317021249	7.56149368556911	46	-12.0706041907266	18.3703905311516
114	WGN15	12.5570181702124	7.561493685569	46	-2.6634791907265	27.7775155311513
115	WGN15	13.8003201702124	7.56149368556903	46	-1.42017719072653	29.0208175311514
117	WGN15	29.4533781702133	7.56149368556895	46	14.2328808092745	44.673875531152
118	WGN15	12.3286181702122	7.56149368556897	46	-2.89187919072664	27.549115531151
119	WGN15	49.0113691702118	7.56149368556885	46	33.7908718092732	64.2318665311504
120	WGN15	45.6719581702123	7.56149368556892	46	30.4514608092736	60.892455531151
121	WGN15	32.2001631702127	7.56149368556906	46	16.9796658092737	47.4206605311518
122	WGN15	31.5084381702123	7.56149368556897	46	16.2879408092735	46.7289355311511
123	WGN15	26.3476181702125	7.56149368556906	46	11.1271208092735	41.5681155311515
124	WGN15	27.6176381702128	7.56149368556909	46	12.3971408092738	42.8381355311519
125	WGN15	12.2788981702127	7.56149368556916	46	-2.9415991907265	27.4993955311519
126	WGN15	9.50922817021199	7.56149368556901	46	-5.71126919072692	24.7297255311509
127	WGN15	28.7842331702124	7.56149368556899	46	13.5637358092735	44.0047305311513
128	WGN15	30.1282581702127	7.56149368556894	46	14.907760809274	45.3487555311515
129	WGN15	10.3097481702125	7.5614936855691	46	-4.91074919072659	25.5302455311516
3	WGN26	6.38501817021259	7.56149368556902	46	-8.83547919072634	21.6055155311515
4	WGN26	22.7468739999996	5.3185680478611	46	12.0411517839065	33.4525962160928
5	WGN26	24.4396181702127	7.56149368556909	46	9.21912080927367	39.6601155311518
6	WGN26	25.5520761702118	7.561493685569	46	10.3315788092729	40.7725735311507
7	WGN26	30.1088081702122	7.561493685569	46	14.8883108092733	45.3293055311511
10	WGN26	14.8166281702123	7.56149368556899	46	-0.403869190726546	30.0371255311512
11	WGN26	17.0521081702126	7.56149368556904	46	1.83161080927367	32.2726055311516
17	WGN26	32.7418581702117	7.56149368556886	46	17.5213608092731	47.9623555311503
18	WGN26	14.3109431702122	7.56149368556898	46	-0.909554190726668	29.531440531151
20	WGN26	7.49440817021289	7.56149368556907	46	-7.72608919072615	22.7149055311519
21	WGN26	19.4499481702126	7.561493685569	46	4.22945080927374	34.6704455311515
22	WGN26	23.9423731702133	7.56149368556911	46	8.72187580927415	39.1628705311524
25	WGN26	33.416602829788	7.56149368556906	46	18.196105468849	48.637100190727
26	WGN26	22.4951571702127	7.56149368556908	46	7.27465980927367	37.7156545311518
27	WGN26	11.045818170212	7.56149368556909	46	-4.17467919072707	26.2663155311511
28	WGN26	28.9767335000001	5.3185680478612	46	18.2710112839068	39.6824557160934
29	WGN26	4.39626817021267	7.56149368556899	46	-10.8242291907262	19.6167655311515
31	WGN26	34.6526981702125	7.56149368556901	46	19.4322008092736	49.8731955311514
32	WGN26	9.22681817021238	7.56149368556909	46	-5.99367919072669	24.4473155311514
33	WGN26	14.3518051702124	7.56149368556899	46	-0.86869219072646	29.5723025311513
34	WGN26	17.1275181702126	7.56149368556906	46	1.9070208092736	32.3480155311516
35	WGN26	18.6594181702123	7.5614936855689	46	3.43892080927362	33.879915531151
36	WGN26	14.5421931702123	7.56149368556903	46	-0.678304190726633	29.7626905311513
38	WGN26	14.7021581702129	7.56149368556923	46	-0.518339190726469	29.9226555311522
39	WGN26	9.58890817021259	7.56149368556912	46	-5.63158919072655	24.8094055311517
40	WGN26	12.8111681702129	7.56149368556909	46	-2.40932919072618	28.031665531152
42	WGN26	28.997591170212	7.56149368556904	46	13.777093809273	44.2180885311509
43	WGN26	15.1372731702127	7.56149368556909	46	-0.0832241907264049	30.3577705311517
45	WGN26	32.5574281702126	7.56149368556911	46	17.3369308092735	47.7779255311517
46	WGN26	38.7324999999996	5.31856804786114	46	28.0267777839064	49.4382222160928
47	WGN26	21.9942581702123	7.56149368556905	46	6.77376080927333	37.2147555311513
48	WGN26	21.3356181702124	7.56149368556904	46	6.1151208092734	36.5561155311514
49	WGN26	17.6289181702125	7.56149368556906	46	2.40842080927349	32.8494155311515
51	WGN26	10.4160301702125	7.56149368556902	46	-4.80446719072644	25.6365275311514
52	WGN26	16.7816061702126	7.56149368556906	46	1.56110880927355	32.0021035311516
53	WGN26	5.17856217021248	7.56149368556907	46	-10.0419351907265	20.3990595311515
54	WGN26	33.0713331702125	7.561493685569	46	17.8508358092737	48.2918305311514
56	WGN26	18.5231381702123	7.56149368556907	46	3.30264080927327	33.7436355311513
57	WGN26	26.7540441702125	7.56149368556908	46	11.5335468092735	41.9745415311516
58	WGN26	24.5054741702121	7.56149368556897	46	9.28497680927325	39.7259715311509
60	WGN26	26.5469931702129	7.5614936855691	46	11.3264958092738	41.767490531152
61	WGN26	26.371493170213	7.56149368556913	46	11.1509958092738	41.5919905311521
62	WGN26	23.9300181702124	7.56149368556904	46	8.70952080927338	39.1505155311513
64	WGN26	16.239979170212	7.56149368556888	46	1.01948180927334	31.4604765311506
65	WGN26	32.3569281702129	7.56149368556906	46	17.1364308092739	47.5774255311519
66	WGN26	38.4095681702123	7.56149368556904	46	23.1890708092734	53.6300655311513
67	WGN26	10.5769351702124	7.56149368556902	46	-4.64356219072654	25.7974325311513
68	WGN26	29.8457581702124	7.561493685569	46	14.6252608092735	45.0662555311513
69	WGN26	28.9435181702127	7.56149368556904	46	13.7230208092737	44.1640155311517
71	WGN26	35.4035381702125	7.5614936855691	46	20.1830408092734	50.6240355311516
73	WGN26	12.7093781702124	7.56149368556911	46	-2.5111191907267	27.9298755311515
75	WGN26	21.8110975000002	5.31856804786121	46	11.1053752839069	32.5168197160936
76	WGN26	11.3624981702132	7.56149368556914	46	-3.85799919072595	26.5829955311524
78	WGN26	16.2540021702122	7.56149368556887	46	1.03350480927354	31.4744995311508
79	WGN26	15.3318181702122	7.56149368556903	46	0.11132080927328	30.5523155311512
80	WGN26	13.9734681702123	7.56149368556903	46	-1.2470291907267	29.1939655311512
81	WGN26	33.0340621702125	7.56149368556904	46	17.8135648092735	48.2545595311515
83	WGN26	13.5271421702125	7.561493685569	46	-1.69335519072636	28.7476395311514
88	WGN26	7.82937499999949	5.31856804786113	46	-2.87634721609367	18.5350972160926
89	WGN26	8.84781817021269	7.56149368556911	46	-6.37267919072642	24.0683155311518
90	WGN26	25.2794111702125	7.56149368556902	46	10.0589138092735	40.4999085311514
92	WGN26	4.66134317021281	7.56149368556907	46	-10.5591541907262	19.8818405311518
93	WGN26	34.9923831702126	7.56149368556907	46	19.7718858092736	50.2128805311516
94	WGN26	9.83581817021219	7.56149368556892	46	-5.38467919072653	25.0563155311509
95	WGN26	39.1157181702124	7.56149368556899	46	23.8952208092735	54.3362155311513
96	WGN26	4.24307817021248	7.56149368556912	46	-10.9774191907266	19.4635755311516
98	WGN26	16.4648181702126	7.56149368556907	46	1.24432080927353	31.6853155311516
99	WGN26	20.5935061702125	7.56149368556895	46	5.3730088092737	35.8140035311513
101	WGN26	11.6777071702123	7.56149368556895	46	-3.54279019072646	26.8982045311511
102	WGN26	17.8620841702128	7.56149368556906	46	2.64158680927382	33.0825815311518
103	WGN26	8.32153817021229	7.56149368556907	46	-6.89895919072674	23.5420355311513
105	WGN26	30.5833381702128	7.5614936855691	46	15.3628408092737	45.8038355311519
106	WGN26	14.2879681702124	7.56149368556897	46	-0.932529190726411	29.5084655311512
108	WGN26	19.5013781702124	7.56149368556899	46	4.28088080927352	34.7218755311513
109	WGN26	36.8944981702124	7.56149368556899	46	21.6740008092735	52.1149955311512
111	WGN26	37.1285581702127	7.56149368556914	46	21.9080608092735	52.3490555311519
112	WGN26	19.2958181702128	7.56149368556904	46	4.07532080927379	34.5163155311517
113	WGN26	1.8725781702125	7.56149368556908	46	-13.3479191907265	17.0930755311515
115	WGN26	42.3467681702131	7.56149368556908	46	27.126270809274	57.5672655311521
118	WGN26	11.5859831702126	7.56149368556903	46	-3.63451419072635	26.8064805311516
119	WGN26	21.2665341702121	7.56149368556901	46	6.04603680927316	36.487031531151
121	WGN26	12.7937031702126	7.56149368556899	46	-2.4267941907263	28.0142005311514
122	WGN26	10.2422881702127	7.56149368556901	46	-4.97820919072617	25.4627855311516
123	WGN26	13.1975641702126	7.56149368556903	46	-2.02293319072634	28.4180615311516
127	WGN26	8.46946317021255	7.56149368556907	46	-6.75103419072649	23.6899605311516
128	WGN26	13.0604821702125	7.56149368556907	46	-2.16001519072649	28.2809795311516
129	WGN26	5.34420817021212	7.56149368556903	46	-9.87628919072684	20.5647055311511
130	WGN26	3.32781617021245	7.56149368556927	46	-11.892681190727	18.5483135311519
1	WGN36	27.7002981702134	7.5614936855691	46	12.4798008092743	42.9207955311525
2	WGN36	18.7249371702132	7.56149368556895	46	3.50443980927437	33.9454345311519
4	WGN36	39.4688081702132	7.56149368556904	46	24.2483108092742	54.6893055311521
5	WGN36	19.884874170213	7.56149368556902	46	4.66437680927403	35.1053715311519
6	WGN36	30.159095170213	7.56149368556906	46	14.938597809274	45.379592531152
7	WGN36	63.2908181702127	7.56149368556902	46	48.0703208092737	78.5113155311516
8	WGN36	34.118183170213	7.56149368556901	46	18.897685809274	49.3386805311519
9	WGN36	12.9608881702123	7.56149368556909	46	-2.25960919072682	28.1813855311513
10	WGN36	17.2528981702131	7.561493685569	46	2.03240080927418	32.473395531152
11	WGN36	23.8070621702129	7.56149368556906	46	8.58656480927392	39.0275595311519
12	WGN36	18.6693581702127	7.56149368556912	46	3.44886080927355	33.8898555311518
13	WGN36	62.8964481702123	7.56149368556898	46	47.6759508092735	78.1169455311512
15	WGN36	22.0030881702129	7.56149368556901	46	6.78259080927399	37.2235855311518
16	WGN36	17.5678181702128	7.56149368556898	46	2.34732080927396	32.7883155311517
17	WGN36	57.4444731702127	7.56149368556898	46	42.2239758092739	72.6649705311516
18	WGN36	20.0038181702127	7.56149368556908	46	4.78332080927361	35.2243155311517
19	WGN36	46.1861141702128	7.56149368556897	46	30.965616809274	61.4066115311517
20	WGN36	19.4122561702132	7.56149368556895	46	4.19175880927446	34.632753531152
21	WGN36	45.5320581702127	7.56149368556899	46	30.3115608092738	60.7525555311516
22	WGN36	22.5270611702128	7.56149368556904	46	7.30656380927381	37.7475585311517
23	WGN36	28.5732780000004	5.31856804786117	46	17.8675557839072	39.2790002160936
24	WGN36	17.7229241702131	7.56149368556901	46	2.5024268092742	32.943421531152
26	WGN36	32.4013881702127	7.56149368556906	46	17.1808908092737	47.6218855311518
27	WGN36	23.466872170213	7.56149368556911	46	8.24637480927386	38.6873695311521
28	WGN36	22.5937181702128	7.56149368556909	46	7.37322080927376	37.8142155311519
30	WGN36	56.5724201702134	7.56149368556906	46	41.3519228092744	71.7929175311524
31	WGN36	41.565943170213	7.56149368556904	46	26.345445809274	56.7864405311519
32	WGN36	22.4891751702131	7.56149368556896	46	7.2686778092743	37.7096725311519
34	WGN36	30.3069201702132	7.56149368556908	46	15.0864228092742	45.5274175311523
35	WGN36	14.6348681702126	7.56149368556911	46	-0.585629190726525	29.8553655311517
37	WGN36	19.612830170213	7.56149368556901	46	4.39233280927413	34.833327531152
38	WGN36	9.52490817021267	7.56149368556908	46	-5.69558919072639	24.7454055311517
40	WGN36	61.3416321702124	7.56149368556897	46	46.1211348092735	76.5621295311512
41	WGN36	24.4801361702131	7.56149368556906	46	9.25963880927411	39.7006335311521
42	WGN36	25.079343170213	7.56149368556908	46	9.85884580927394	40.2998405311521
43	WGN36	44.720281170213	7.56149368556904	46	29.499783809274	59.9407785311519
46	WGN36	33.0270601702129	7.56149368556902	46	17.806562809274	48.2475575311519
47	WGN36	28.6777821702127	7.56149368556898	46	13.4572848092739	43.8982795311516
48	WGN36	34.0071481702129	7.56149368556899	46	18.786650809274	49.2276455311518
49	WGN36	36.8788761702127	7.56149368556892	46	21.6583788092739	52.0993735311514
51	WGN36	40.8579031702128	7.56149368556899	46	25.6374058092739	56.0784005311517
52	WGN36	35.1211651702128	7.56149368556898	46	19.900667809274	50.3416625311517
53	WGN36	40.594695170213	7.56149368556907	46	25.374197809274	55.8151925311521
54	WGN36	23.2151450000004	5.31856804786116	46	12.5094227839072	33.9208672160936
55	WGN36	27.9098641702131	7.56149368556899	46	12.6893668092743	43.130361531152
56	WGN36	36.504734170213	7.56149368556903	46	21.284236809274	51.7252315311519
57	WGN36	51.5268001702127	7.56149368556903	46	36.3063028092738	66.7472975311517
59	WGN36	25.701568170213	7.56149368556905	46	10.481070809274	40.922065531152
60	WGN36	26.7156421702133	7.56149368556913	46	11.4951448092742	41.9361395311524
62	WGN36	19.7428881702131	7.56149368556904	46	4.52239080927413	34.9633855311521
64	WGN36	33.0513931702132	7.56149368556907	46	17.8308958092742	48.2718905311522
65	WGN36	28.4795631702131	7.561493685569	46	13.2590658092742	43.700060531152
66	WGN36	54.2583881702125	7.56149368556895	46	39.0378908092737	69.4788855311513
68	WGN36	19.926198170213	7.56149368556902	46	4.7057008092741	35.1466955311519
69	WGN36	31.141033170213	7.56149368556917	46	15.9205358092737	46.3615305311522
70	WGN36	17.1710491702127	7.56149368556911	46	1.95055180927359	32.3915465311518
71	WGN36	28.0836721702128	7.56149368556894	46	12.863174809274	43.3041695311516
72	WGN36	27.7241450000003	5.31856804786116	46	17.018422783907	38.4298672160935
74	WGN36	33.0329021702131	7.56149368556899	46	17.8124048092743	48.253399531152
75	WGN36	12.499618170213	7.56149368556905	46	-2.720879190726	27.720115531152
77	WGN36	28.1671421702129	7.56149368556905	46	12.9466448092739	43.3876395311519
78	WGN36	19.934688170213	7.56149368556912	46	4.71419080927382	35.1551855311521
79	WGN36	15.7816150000004	5.31856804786116	46	5.07589278390714	26.4873372160936
80	WGN36	18.951926170213	7.56149368556905	46	3.73142880927402	34.172423531152
81	WGN36	35.2688181702131	7.56149368556904	46	20.0483208092741	50.4893155311521
82	WGN36	33.085194170213	7.56149368556903	46	17.8646968092741	48.305691531152
83	WGN36	32.3890281702131	7.56149368556919	46	17.1685308092738	47.6095255311524
85	WGN36	16.5827431702129	7.56149368556911	46	1.36224580927374	31.803240531152
86	WGN36	8.37768317021303	7.56149368556902	46	-6.84281419072591	23.598180531152
88	WGN36	34.8409421702129	7.56149368556905	46	19.6204448092739	50.0614395311519
89	WGN36	33.6478581702129	7.56149368556911	46	18.4273608092738	48.868355531152
92	WGN36	5.13112317021283	7.56149368556913	46	-10.0893741907263	20.351620531152
93	WGN36	22.3331981702131	7.56149368556902	46	7.11270080927415	37.553695531152
94	WGN36	10.405492170213	7.56149368556891	46	-4.81500519072571	25.6259895311517
95	WGN36	48.5198481702125	7.56149368556906	46	33.2993508092735	63.7403455311515
96	WGN36	26.262068170213	7.56149368556906	46	11.041570809274	41.482565531152
97	WGN36	30.8220741702131	7.56149368556907	46	15.6015768092741	46.0425715311522
98	WGN36	45.0552731702131	7.56149368556908	46	29.834775809274	60.2757705311521
99	WGN36	6.50364617021319	7.56149368556897	46	-8.71685119072565	21.724143531152
102	WGN36	27.438846170213	7.56149368556897	46	12.2183488092742	42.6593435311519
105	WGN36	43.1470481702132	7.56149368556914	46	27.926550809274	58.3675455311524
106	WGN36	15.5695381702132	7.56149368556904	46	0.34904080927425	30.7900355311522
108	WGN36	13.6619181702134	7.56149368556902	46	-1.55857919072551	28.8824155311524
109	WGN36	42.3868181702124	7.56149368556905	46	27.1663208092734	57.6073155311514
110	WGN36	26.588522170213	7.56149368556904	46	11.368024809274	41.8090195311519
112	WGN36	20.765598170213	7.56149368556905	46	5.54510080927401	35.986095531152
114	WGN36	11.6047281702129	7.56149368556905	46	-3.61576919072608	26.8252255311519
116	WGN36	22.437548170213	7.56149368556904	46	7.21705080927406	37.658045531152
117	WGN36	35.4739981702131	7.56149368556908	46	20.2535008092741	50.6944955311522
118	WGN36	21.1850991702129	7.56149368556908	46	5.96460180927389	36.405596531152
119	WGN36	27.5579231702131	7.56149368556903	46	12.3374258092742	42.7784205311521
120	WGN36	41.7726241702128	7.561493685569	46	26.552126809274	56.9931215311517
122	WGN36	33.6911981702131	7.56149368556895	46	18.4707008092743	48.9116955311519
123	WGN36	42.2222901702131	7.56149368556908	46	27.0017928092741	57.4427875311521
124	WGN36	35.5924181702131	7.56149368556909	46	20.371920809274	50.8129155311522
125	WGN36	37.513965170213	7.56149368556905	46	22.293467809274	52.734462531152
126	WGN36	59.1408081702129	7.56149368556907	46	43.9203108092739	74.361305531152
127	WGN36	15.7955581702131	7.56149368556899	46	0.575060809274225	31.0160555311519
128	WGN36	31.1587631702129	7.56149368556899	46	15.9382658092741	46.3792605311518
129	WGN36	13.2879081702129	7.56149368556908	46	-1.93258919072611	28.508405531152
130	WGN36	32.4522691702131	7.56149368556912	46	17.231771809274	47.6727665311523
1	WGN38	40.4959921702122	7.56149368556881	46	25.2754948092736	55.7164895311507
2	WGN38	18.5390611702114	7.56149368556916	46	3.31856380927221	33.7595585311506
3	WGN38	23.773233170212	7.56149368556916	46	8.55273580927282	38.9937305311512
4	WGN38	15.5560371702129	7.56149368556895	46	0.335539809274071	30.7765345311517
5	WGN38	32.6577741702124	7.56149368556902	46	17.4372768092735	47.8782715311513
6	WGN38	24.6810421702119	7.5614936855691	46	9.46054480927284	39.901539531151
7	WGN38	26.6521381702123	7.561493685569	46	11.4316408092734	41.8726355311512
8	WGN38	11.8671371702124	7.56149368556903	46	-3.35336019072659	27.0876345311513
10	WGN38	38.8415881702123	7.56149368556908	46	23.6210908092733	54.0620855311514
11	WGN38	42.4925081702122	7.5614936855691	46	27.2720108092732	57.7130055311513
12	WGN38	20.1522281702121	7.56149368556908	46	4.93173080927308	35.3727255311512
13	WGN38	41.9635761702122	7.56149368556898	46	26.7430788092734	57.1840735311511
14	WGN38	18.0557531702121	7.56149368556906	46	2.8352558092731	33.2762505311511
16	WGN38	23.056818170212	7.56149368556908	46	7.83632080927294	38.277315531151
19	WGN38	22.1798181702126	7.56149368556902	46	6.95932080927371	37.4003155311516
20	WGN38	22.3982181702116	7.56149368556912	46	7.1777208092725	37.6187155311508
21	WGN38	17.7735981702134	7.56149368556894	46	2.55310080927461	32.9940955311521
22	WGN38	12.414538170212	7.56149368556907	46	-2.80595919072701	27.6350355311511
23	WGN38	37.9290581702124	7.56149368556907	46	22.7085608092733	53.1495555311514
24	WGN38	11.9474899999996	5.31856804786115	46	1.24176778390637	22.6532122160928
26	WGN38	42.1784099999996	5.31856804786117	46	31.4726877839063	52.8841322160928
28	WGN38	41.9586321702125	7.56149368556909	46	26.7381348092734	57.1791295311515
29	WGN38	45.5119081702122	7.56149368556902	46	30.2914108092733	60.7324055311511
30	WGN38	23.5123081702124	7.561493685569	46	8.29181080927351	38.7328055311513
32	WGN38	37.3832501702124	7.56149368556903	46	22.1627528092735	52.6037475311514
33	WGN38	38.1605581702121	7.56149368556907	46	22.9400608092731	53.3810555311511
35	WGN38	50.4186081702125	7.5614936855691	46	35.1981108092734	65.6391055311516
36	WGN38	38.9427581702124	7.56149368556907	46	23.7222608092734	54.1632555311515
37	WGN38	45.0967931702124	7.56149368556904	46	29.8762958092734	60.3172905311513
38	WGN38	47.4664231702124	7.56149368556909	46	32.2459258092733	62.6869205311514
39	WGN38	28.3785131702123	7.56149368556904	46	13.1580158092733	43.5990105311513
40	WGN38	36.2781181702123	7.56149368556902	46	21.0576208092734	51.4986155311512
41	WGN38	29.0957549999994	5.31856804786119	46	18.3900327839061	39.8014772160927
42	WGN38	8.62683017021202	7.56149368556904	46	-6.59366719072696	23.847327531151
45	WGN38	56.0190241702122	7.56149368556905	46	40.7985268092732	71.2395215311512
46	WGN38	31.5015021702125	7.56149368556897	46	16.2810048092736	46.7219995311513
47	WGN38	20.7874261702123	7.56149368556905	46	5.56692880927328	36.0079235311512
48	WGN38	47.2822281702123	7.56149368556906	46	32.0617308092733	62.5027255311513
49	WGN38	33.2981831702124	7.56149368556903	46	18.0776858092734	48.5186805311513
50	WGN38	24.7646281702125	7.56149368556898	46	9.54413080927365	39.9851255311514
51	WGN38	17.863758170212	7.56149368556908	46	2.64326080927291	33.084255531151
52	WGN38	21.4166281702122	7.56149368556905	46	6.19613080927317	36.6371255311512
54	WGN38	23.4591821702123	7.56149368556901	46	8.23868480927343	38.6796795311512
55	WGN38	7.46381817021271	7.56149368556898	46	-7.75667919072614	22.6843155311516
56	WGN38	28.5110931702123	7.56149368556907	46	13.2905958092733	43.7315905311513
59	WGN38	48.6937681702122	7.56149368556903	46	33.4732708092732	63.9142655311511
63	WGN38	30.1800331702123	7.56149368556897	46	14.9595358092734	45.4005305311511
64	WGN38	14.4473731702122	7.56149368556904	46	-0.773124190726813	29.6678705311511
65	WGN38	9.39935982978695	7.56149368556899	46	-5.82113753115193	24.6198571907258
66	WGN38	9.97190382978664	7.56149368556903	46	-5.24859353115231	25.1924011907256
67	WGN38	59.0810901702122	7.56149368556901	46	43.8605928092733	74.3015875311511
68	WGN38	25.8290181702123	7.561493685569	46	10.6085208092734	41.0495155311512
70	WGN38	32.8639831702123	7.56149368556903	46	17.6434858092734	48.0844805311513
73	WGN38	53.0938081702121	7.56149368556904	46	37.8733108092731	68.314305531151
76	WGN38	29.961838170212	7.56149368556908	46	14.7413408092729	45.182335531151
77	WGN38	46.4737581702124	7.56149368556905	46	31.2532608092734	61.6942555311514
78	WGN38	17.5667481702124	7.56149368556904	46	2.34625080927342	32.7872455311514
80	WGN38	27.8751781702125	7.56149368556902	46	12.6546808092735	43.0956755311514
81	WGN38	16.4654571702126	7.56149368556907	46	1.24495980927352	31.6859545311516
82	WGN38	35.413998170212	7.56149368556906	46	20.193500809273	50.634495531151
83	WGN38	28.9517291702124	7.56149368556898	46	13.7312318092735	44.1722265311512
84	WGN38	56.2044661702122	7.56149368556906	46	40.9839688092732	71.4249635311513
85	WGN38	35.8090951702123	7.56149368556915	46	20.5885978092731	51.0295925311515
86	WGN38	35.6478081702121	7.56149368556907	46	20.4273108092731	50.8683055311511
87	WGN38	20.3044381702125	7.56149368556903	46	5.08394080927354	35.5249355311515
88	WGN38	39.2688681702123	7.56149368556905	46	24.0483708092733	54.4893655311513
90	WGN38	60.7730641702122	7.5614936855691	46	45.5525668092731	75.9935615311513
91	WGN38	53.8090431702123	7.5614936855691	46	38.5885458092732	69.0295405311514
92	WGN38	65.8113111702122	7.561493685569	46	50.5908138092733	81.0318085311511
93	WGN38	21.8700381702122	7.56149368556907	46	6.64954080927313	37.0905355311512
94	WGN38	48.9930501702123	7.56149368556911	46	33.7725528092732	64.2135475311514
95	WGN38	30.2262731702121	7.56149368556902	46	15.0057758092732	45.4467705311511
96	WGN38	32.4481359999994	5.31856804786117	46	21.7424137839062	43.1538582160927
97	WGN38	20.3030681702123	7.561493685569	46	5.08257080927345	35.5235655311512
98	WGN38	48.5401581702122	7.56149368556898	46	33.3196608092734	63.7606555311511
100	WGN38	31.937940170212	7.56149368556911	46	16.7174428092729	47.1584375311511
101	WGN38	29.3560681702122	7.56149368556904	46	14.1355708092732	44.5765655311511
102	WGN38	21.3159681702122	7.56149368556903	46	6.09547080927326	36.5364655311512
104	WGN38	54.0273301702123	7.56149368556905	46	38.8068328092733	69.2478275311513
106	WGN38	42.7258181702121	7.56149368556907	46	27.5053208092731	57.9463155311511
107	WGN38	28.006946170212	7.56149368556906	46	12.786448809273	43.227443531151
110	WGN38	34.4190661702122	7.56149368556904	46	19.1985688092732	49.6395635311511
111	WGN38	23.9968181702121	7.56149368556904	46	8.77632080927309	39.217315531151
112	WGN38	44.1896731702121	7.56149368556909	46	28.969175809273	59.4101705311512
113	WGN38	22.7466001702122	7.56149368556905	46	7.52610280927317	37.9670975311512
114	WGN38	24.9061981702121	7.56149368556907	46	9.68570080927313	40.1266955311512
115	WGN38	27.9124881702123	7.56149368556899	46	12.6919908092735	43.1329855311512
1	WGN39	22.5498631702121	7.5614936855692	46	7.32936580927284	37.7703605311514
2	WGN39	21.4323781702126	7.56149368556906	46	6.21188080927355	36.6528755311516
3	WGN39	22.720649170212	7.56149368556903	46	7.50015180927303	37.9411465311509
4	WGN39	35.5066101702132	7.56149368556918	46	20.2861128092739	50.7271075311524
5	WGN39	66.1763501702123	7.56149368556907	46	50.9558528092732	81.3968475311513
6	WGN39	36.4705381702123	7.56149368556906	46	21.2500408092733	51.6910355311513
7	WGN39	14.1736781702122	7.56149368556902	46	-1.04681919072678	29.3941755311511
8	WGN39	60.777238170212	7.56149368556901	46	45.5567408092731	75.997735531151
9	WGN39	43.506503170212	7.56149368556897	46	28.2860058092732	58.7270005311508
10	WGN39	23.8809081702123	7.56149368556904	46	8.66041080927337	39.1014055311513
11	WGN39	36.4843881702129	7.56149368556909	46	21.2638908092739	51.704885531152
12	WGN39	48.0322481702122	7.56149368556903	46	32.8117508092733	63.2527455311512
13	WGN39	11.1546101702122	7.56149368556905	46	-4.06588719072681	26.3751075311512
14	WGN39	15.0390901702124	7.56149368556907	46	-0.181407190726649	30.2595875311514
15	WGN39	50.141356170213	7.56149368556911	46	34.9208588092739	65.3618535311521
16	WGN39	63.0740831702119	7.56149368556899	46	47.853585809273	78.2945805311507
17	WGN39	37.3286081702118	7.56149368556893	46	22.1081108092731	52.5491055311505
18	WGN39	43.8524901702126	7.56149368556908	46	28.6319928092736	59.0729875311517
19	WGN39	78.6189781702134	7.56149368556912	46	63.3984808092743	93.8394755311525
20	WGN39	60.3645301702123	7.56149368556898	46	45.1440328092734	75.5850275311511
21	WGN39	18.7830181702123	7.56149368556909	46	3.56252080927323	34.0035155311514
22	WGN39	46.0386531702128	7.5614936855691	46	30.8181558092737	61.2591505311519
24	WGN39	72.3704231702117	7.56149368556899	46	57.1499258092729	87.5909205311506
25	WGN39	34.8024101702127	7.56149368556904	46	19.5819128092737	50.0229075311517
26	WGN39	31.8347871702123	7.56149368556902	46	16.6142898092734	47.0552845311513
29	WGN39	31.9386681702125	7.56149368556903	46	16.7181708092735	47.1591655311514
30	WGN39	28.5904381702123	7.56149368556909	46	13.3699408092732	43.8109355311514
31	WGN39	34.4112281702127	7.56149368556908	46	19.1907308092736	49.6317255311517
34	WGN39	43.2952661702125	7.56149368556907	46	28.0747688092735	58.5157635311515
35	WGN39	34.7400181702127	7.56149368556909	46	19.5195208092737	49.9605155311518
36	WGN39	12.0556981702122	7.5614936855691	46	-3.16479919072685	27.2761955311513
37	WGN39	33.7645481702126	7.56149368556907	46	18.5440508092735	48.9850455311516
38	WGN39	35.2374101702128	7.56149368556907	46	20.0169128092737	50.4579075311518
39	WGN39	65.5880131702122	7.56149368556901	46	50.3675158092733	80.8085105311511
40	WGN39	69.2322931702122	7.56149368556902	46	54.0117958092733	84.4527905311511
41	WGN39	38.2727981702123	7.56149368556905	46	23.0523008092733	53.4932955311513
42	WGN39	32.9527981702128	7.56149368556909	46	17.7323008092738	48.1732955311519
44	WGN39	24.6202849999996	5.31856804786111	46	13.9145627839064	35.3260072160927
45	WGN39	63.5044894999996	5.31856804786117	46	52.7987672839064	74.2102117160929
46	WGN39	54.5424831702121	7.561493685569	46	39.3219858092732	69.762980531151
47	WGN39	36.9150931702127	7.56149368556909	46	21.6945958092736	52.1355905311517
48	WGN39	7.23795817021245	7.56149368556903	46	-7.9825391907265	22.4584555311514
49	WGN39	43.0630781702121	7.56149368556904	46	27.8425808092731	58.2835755311511
50	WGN39	15.7399381702123	7.56149368556904	46	0.519440809273343	30.9604355311513
53	WGN39	30.2502781702123	7.56149368556902	46	15.0297808092734	45.4707755311513
55	WGN39	26.3683181702124	7.56149368556904	46	11.1478208092735	41.5888155311514
56	WGN39	68.0441741702122	7.56149368556901	46	52.8236768092733	83.2646715311511
57	WGN39	52.920368170212	7.56149368556898	46	37.6998708092732	68.1408655311509
58	WGN39	41.8479831702127	7.5614936855691	46	26.6274858092737	57.0684805311518
59	WGN39	41.2670281702125	7.56149368556906	46	26.0465308092735	56.4875255311515
61	WGN39	51.5707181702122	7.56149368556904	46	36.3502208092732	66.7912155311512
62	WGN39	17.7186381702123	7.56149368556902	46	2.49814080927338	32.9391355311512
63	WGN39	25.0998331702124	7.56149368556906	46	9.87933580927338	40.3203305311514
64	WGN39	55.7347381702122	7.56149368556904	46	40.5142408092733	70.9552355311512
65	WGN39	30.1777721702127	7.56149368556909	46	14.9572748092736	45.3982695311517
66	WGN39	40.7283861702124	7.56149368556903	46	25.5078888092735	55.9488835311514
67	WGN39	46.2120181702124	7.56149368556905	46	30.9915208092734	61.4325155311514
68	WGN39	37.2028881702125	7.56149368556899	46	21.9823908092736	52.4233855311514
69	WGN39	24.6567781702123	7.56149368556903	46	9.43628080927338	39.8772755311513
70	WGN39	23.4232681702126	7.56149368556905	46	8.20277080927358	38.6437655311516
71	WGN39	41.8818181702126	7.56149368556907	46	26.6613208092736	57.1023155311516
72	WGN39	36.1184181702125	7.56149368556904	46	20.8979208092735	51.3389155311514
73	WGN39	61.1055501702123	7.56149368556904	46	45.8850528092733	76.3260475311513
74	WGN39	41.0865331702122	7.56149368556907	46	25.8660358092732	56.3070305311513
75	WGN39	56.2732261702127	7.56149368556903	46	41.0527288092738	71.4937235311517
76	WGN39	47.0083981702128	7.5614936855691	46	31.7879008092737	62.2288955311518
77	WGN39	21.4143111702122	7.56149368556909	46	6.19381380927309	36.6348085311512
78	WGN39	25.7661621702122	7.56149368556901	46	10.5456648092733	40.9866595311511
79	WGN39	72.8243201702121	7.56149368556902	46	57.6038228092732	88.044817531151
80	WGN39	20.8082331702125	7.56149368556913	46	5.58773580927338	36.0287305311517
81	WGN39	11.1514431702125	7.56149368556907	46	-4.06905419072658	26.3719405311515
82	WGN39	48.0669301702121	7.561493685569	46	32.8464328092733	63.287427531151
83	WGN39	62.2274981702123	7.56149368556907	46	47.0070008092733	77.4479955311513
84	WGN39	44.2661431702123	7.56149368556903	46	29.0456458092733	59.4866405311512
85	WGN39	37.4969931702122	7.56149368556902	46	22.2764958092733	52.7174905311512
86	WGN39	48.3782581702125	7.56149368556907	46	33.1577608092735	63.5987555311515
87	WGN39	29.9610581702124	7.56149368556913	46	14.7405608092732	45.1815555311515
89	WGN39	35.9037481702123	7.56149368556903	46	20.6832508092734	51.1242455311513
90	WGN39	42.8341831702124	7.56149368556908	46	27.6136858092733	58.0546805311514
91	WGN39	11.0849921702126	7.56149368556897	46	-4.13550519072618	26.3054895311515
93	WGN39	28.3809181702123	7.56149368556898	46	13.1604208092735	43.6014155311511
94	WGN39	6.75012317021246	7.56149368556905	46	-8.47037419072652	21.9706205311514
95	WGN39	67.4229621702126	7.56149368556908	46	52.2024648092736	82.6434595311516
96	WGN39	69.5928121702126	7.56149368556907	46	54.3723148092736	84.8133095311517
97	WGN39	31.2661281702125	7.56149368556909	46	16.0456308092734	46.4866255311516
98	WGN39	39.8705224999995	5.31856804786114	46	29.1648002839063	50.5762447160927
99	WGN39	45.4565931702124	7.56149368556903	46	30.2360958092734	60.6770905311514
100	WGN39	43.6970381702122	7.56149368556897	46	28.4765408092734	58.9175355311511
101	WGN39	31.2354481702123	7.56149368556907	46	16.0149508092733	46.4559455311514
102	WGN39	33.5285731702124	7.56149368556902	46	18.3080758092735	48.7490705311514
105	WGN39	30.703981829787	7.56149368556903	46	15.4834844688481	45.924479190726
107	WGN39	29.7888831702123	7.56149368556901	46	14.5683858092734	45.0093805311512
109	WGN39	27.7356331702124	7.56149368556904	46	12.5151358092735	42.9561305311514
110	WGN39	20.8570061702125	7.56149368556907	46	5.63650880927351	36.0775035311516
111	WGN39	37.8385341702124	7.56149368556898	46	22.6180368092735	53.0590315311512
112	WGN39	58.7922331702124	7.56149368556905	46	43.5717358092735	74.0127305311514
113	WGN39	40.4547101702124	7.56149368556902	46	25.2342128092735	55.6752075311514
114	WGN39	47.7118681702124	7.56149368556903	46	32.4913708092735	62.9323655311514
115	WGN39	56.0430074999997	5.31856804786116	46	45.3372852839065	66.7487297160929
116	WGN39	26.1667831702123	7.56149368556901	46	10.9462858092733	41.3872805311512
117	WGN39	26.5036831702124	7.56149368556905	46	11.2831858092735	41.7241805311514
118	WGN39	38.0213141702125	7.56149368556903	46	22.8008168092735	53.2418115311514
120	WGN39	27.7232181702124	7.56149368556904	46	12.5027208092734	42.9437155311513
121	WGN39	57.5125531702124	7.56149368556901	46	42.2920558092735	72.7330505311513
122	WGN39	47.6837381702125	7.56149368556905	46	32.4632408092735	62.9042355311515
124	WGN39	36.5213151702124	7.56149368556903	46	21.3008178092734	51.7418125311513
125	WGN39	27.7887181702123	7.56149368556903	46	12.5682208092734	43.0092155311513
126	WGN39	37.7532181702127	7.56149368556907	46	22.5327208092736	52.9737155311517
127	WGN39	46.2750481702121	7.56149368556907	46	31.0545508092731	61.4955455311511
129	WGN39	67.8915181702123	7.56149368556903	46	52.6710208092734	83.1120155311513
130	WGN39	36.2548181702125	7.56149368556903	46	21.0343208092735	51.4753155311514
1	WGN45	16.0120531702128	7.56149368556907	46	0.79155580927379	31.2325505311519
2	WGN45	30.9816781702125	7.56149368556898	46	15.7611808092736	46.2021755311513
3	WGN45	2.62728617021247	7.56149368556915	46	-12.5932111907267	17.8477835311517
4	WGN45	36.5043221702126	7.56149368556899	46	21.2838248092737	51.7248195311515
5	WGN45	4.74251017021256	7.56149368556899	46	-10.4779871907263	19.9630075311514
6	WGN45	21.1603381702129	7.56149368556901	46	5.93984080927404	36.3808355311518
7	WGN45	30.7368769999999	5.31856804786112	46	20.0311547839067	41.4425992160931
8	WGN45	41.2558741702125	7.56149368556902	46	26.0353768092736	56.4763715311515
10	WGN45	25.2669581702129	7.56149368556906	46	10.0464608092739	40.4874555311519
12	WGN45	40.6505281702132	7.56149368556909	46	25.4300308092741	55.8710255311523
13	WGN45	20.3987721702128	7.56149368556904	46	5.17827480927383	35.6192695311518
15	WGN45	5.17052317021273	7.56149368556906	46	-10.0499741907263	20.3910205311517
16	WGN45	44.6647421702126	7.56149368556903	46	29.4442448092736	59.8852395311515
17	WGN45	3.889266170213	7.56149368556898	46	-11.3312311907259	19.1097635311519
19	WGN45	14.7329721702129	7.56149368556904	46	-0.487525190726036	29.9534695311519
20	WGN45	42.4109241702129	7.56149368556904	46	27.1904268092739	57.6314215311518
23	WGN45	12.4120870000001	5.31856804786119	46	1.7063647839068	23.1178092160934
26	WGN45	2.66981817021267	7.5614936855691	46	-12.5506791907264	17.8903155311518
28	WGN45	8.24930182978733	7.56149368556906	46	-6.97119553115168	23.4697991907263
29	WGN45	2.40025817021298	7.56149368556899	46	-12.8202391907259	17.6207555311518
31	WGN45	20.9684341702129	7.5614936855691	46	5.74793680927377	36.188931531152
32	WGN45	7.37003817021265	7.56149368556911	46	-7.85045919072647	22.5905355311518
33	WGN45	3.1055031702127	7.56149368556901	46	-12.1149941907262	18.3260005311516
34	WGN45	14.8887761702129	7.56149368556903	46	-0.331721190726002	30.1092735311519
35	WGN45	11.431898170213	7.561493685569	46	-3.78859919072585	26.6523955311519
36	WGN45	30.7716581702129	7.56149368556907	46	15.5511608092738	45.9921555311519
37	WGN45	40.5044101702126	7.56149368556905	46	25.2839128092736	55.7249075311516
40	WGN45	25.4111631702131	7.56149368556905	46	10.1906658092741	40.6316605311521
41	WGN45	32.5394881702126	7.561493685569	46	17.3189908092737	47.7599855311515
42	WGN45	22.9103731702127	7.56149368556899	46	7.68987580927381	38.1308705311515
43	WGN45	16.5031871702128	7.56149368556909	46	1.28268980927371	31.7236845311519
44	WGN45	18.7069281702128	7.56149368556902	46	3.48643080927388	33.9274255311517
45	WGN45	9.26883817021275	7.56149368556904	46	-5.95165919072622	24.4893355311517
46	WGN45	5.12207817021263	7.56149368556909	46	-10.0984191907264	20.3425755311517
49	WGN45	34.6005531702128	7.56149368556905	46	19.3800558092738	49.8210505311518
50	WGN45	2.37781817021275	7.56149368556906	46	-12.8426791907263	17.5983155311518
53	WGN45	21.9363521702128	7.56149368556906	46	6.71585480927379	37.1568495311518
54	WGN45	13.5821461702127	7.56149368556908	46	-1.63835119072633	28.8026435311518
56	WGN45	27.0968181702126	7.56149368556898	46	11.8763208092738	42.3173155311515
57	WGN45	26.9710481702127	7.56149368556901	46	11.7505508092737	42.1915455311516
58	WGN45	15.2673931702127	7.56149368556903	46	0.0468958092737815	30.4878905311517
59	WGN45	10.322073170213	7.56149368556903	46	-4.89842419072598	25.5425705311519
61	WGN45	39.8527971702125	7.561493685569	46	24.6322998092736	55.0732945311514
62	WGN45	18.8029581702127	7.56149368556901	46	3.5824608092738	34.0234555311516
64	WGN45	7.58103417021282	7.56149368556904	46	-7.63946319072615	22.8015315311518
65	WGN45	15.4105831702129	7.56149368556907	46	0.190085809273853	30.6310805311519
66	WGN45	16.2665481702128	7.56149368556903	46	1.04605080927385	31.4870455311518
68	WGN45	25.3797681702128	7.56149368556904	46	10.1592708092739	40.6002655311518
69	WGN45	48.841088170213	7.56149368556907	46	33.620590809274	64.0615855311521
70	WGN45	18.5237031702128	7.56149368556903	46	3.30320580927388	33.7442005311518
71	WGN45	23.2478921702128	7.56149368556906	46	8.02739480927374	38.4683895311518
72	WGN45	26.7184491702128	7.56149368556906	46	11.4979518092738	41.9389465311518
74	WGN45	19.9908331702128	7.56149368556903	46	4.7703358092738	35.2113305311517
75	WGN45	36.4685981702129	7.56149368556905	46	21.2481008092739	51.6890955311519
76	WGN45	29.1470381702128	7.56149368556904	46	13.9265408092739	44.3675355311518
81	WGN45	19.6889741702129	7.56149368556903	46	4.46847680927393	34.9094715311518
84	WGN45	26.4363281702127	7.56149368556904	46	11.2158308092738	41.6568255311517
85	WGN45	31.9942245000001	5.31856804786117	46	21.2885022839069	42.6999467160934
86	WGN45	35.2626701702128	7.56149368556903	46	20.0421728092739	50.4831675311518
88	WGN45	28.2165821702128	7.56149368556902	46	12.9960848092739	43.4370795311517
89	WGN45	22.3161981702129	7.56149368556905	46	7.09570080927387	37.5366955311518
90	WGN45	14.8233701702128	7.56149368556903	46	-0.397127190726145	30.0438675311518
92	WGN45	41.5435341702126	7.56149368556905	46	26.3230368092736	56.7640315311516
95	WGN45	15.9614381702128	7.56149368556905	46	0.740940809273795	31.1819355311518
98	WGN45	18.0240481702128	7.56149368556906	46	2.8035508092738	33.2445455311518
100	WGN45	23.0098581702128	7.56149368556904	46	7.78936080927386	38.2303555311518
101	WGN45	29.5756581702128	7.56149368556906	46	14.3551608092738	44.7961555311519
102	WGN45	52.9502841702128	7.56149368556906	46	37.7297868092738	68.1707815311518
103	WGN45	23.9996181702128	7.56149368556902	46	8.77912080927382	39.2201155311517
104	WGN45	21.2033681702128	7.561493685569	46	5.98287080927393	36.4238655311517
105	WGN45	14.8566661702128	7.56149368556905	46	-0.363831190726208	30.0771635311518
106	WGN45	20.9748181702128	7.56149368556907	46	5.75432080927373	36.1953155311518
107	WGN45	41.4188901702128	7.56149368556903	46	26.1983928092738	56.6393875311518
108	WGN45	28.3495431702129	7.56149368556903	46	13.1290458092739	43.5700405311518
109	WGN45	31.4050131702129	7.56149368556904	46	16.1845158092739	46.6255105311519
110	WGN45	35.7423891702129	7.56149368556905	46	20.5218918092739	50.9628865311519
111	WGN45	7.24085017021283	7.56149368556905	46	-7.97964719072615	22.4613475311518
116	WGN45	29.6469481702128	7.56149368556903	46	14.4264508092738	44.8674455311517
118	WGN45	19.0855721702129	7.56149368556903	46	3.8650748092739	34.3060695311518
120	WGN45	15.0205791702128	7.56149368556899	46	-0.199918190726111	30.2410765311516
121	WGN45	25.9731111702128	7.56149368556901	46	10.7526138092739	41.1936085311517
123	WGN45	19.8130551702128	7.56149368556904	46	4.59255780927385	35.0335525311518
124	WGN45	31.1180781702131	7.56149368556904	46	15.8975808092741	46.338575531152
127	WGN45	26.6155981702128	7.56149368556903	46	11.3951008092738	41.8360955311517
128	WGN45	27.7733181702129	7.56149368556905	46	12.5528208092739	42.9938155311518
129	WGN45	8.74951817021284	7.56149368556906	46	-6.47097919072617	23.9700155311518
1	WGN46	43.9339951702126	7.56149368556893	46	28.7134978092738	59.1544925311513
4	WGN46	15.1068181702128	7.56149368556905	46	-0.113679190726229	30.3273155311518
6	WGN46	33.0993921702126	7.56149368556904	46	17.8788948092736	48.3198895311516
7	WGN46	49.8390641702129	7.56149368556911	46	34.6185668092738	65.059561531152
8	WGN46	51.0806981702126	7.56149368556907	46	35.8602008092736	66.3011955311516
9	WGN46	40.7743331702124	7.56149368556902	46	25.5538358092735	55.9948305311514
10	WGN46	23.7396061702126	7.56149368556905	46	8.51910880927362	38.9601035311516
11	WGN46	50.5452021702127	7.56149368556902	46	35.3247048092738	65.7656995311517
13	WGN46	43.0044371702127	7.56149368556909	46	27.7839398092736	58.2249345311517
14	WGN46	20.0126271702127	7.56149368556904	46	4.79212980927377	35.2331245311517
15	WGN46	28.9287231702128	7.56149368556904	46	13.7082258092738	44.1492205311518
16	WGN46	35.6149981702123	7.561493685569	46	20.3945008092734	50.8354955311512
18	WGN46	35.8317941702125	7.56149368556903	46	20.6112968092736	51.0522915311515
19	WGN46	47.3381541702126	7.56149368556898	46	32.1176568092738	62.5586515311515
20	WGN46	36.6206531702131	7.56149368556909	46	21.400155809274	51.8411505311522
22	WGN46	33.708694170212	7.56149368556906	46	18.488196809273	48.929191531151
24	WGN46	56.3319181702126	7.56149368556905	46	41.1114208092736	71.5524155311516
25	WGN46	54.5596659999998	5.31856804786115	46	43.8539437839066	65.2653882160931
26	WGN46	23.1784691702126	7.56149368556906	46	7.95797180927359	38.3989665311516
27	WGN46	21.0109631702128	7.561493685569	46	5.79046580927395	36.2314605311517
28	WGN46	27.3136581702127	7.56149368556905	46	12.0931608092737	42.5341555311517
29	WGN46	35.6693181702127	7.56149368556901	46	20.4488208092738	50.8898155311517
30	WGN46	24.8668181702128	7.56149368556901	46	9.6463208092739	40.0873155311517
31	WGN46	50.5471781702127	7.56149368556906	46	35.3266808092737	65.7676755311518
32	WGN46	62.0939341702128	7.56149368556908	46	46.8734368092738	77.3144315311519
33	WGN46	37.3406901702128	7.56149368556901	46	22.1201928092739	52.5611875311517
34	WGN46	42.3404339999999	5.31856804786117	46	31.6347117839066	53.0461562160931
36	WGN46	29.9404084999997	5.31856804786118	46	19.2346862839064	40.646130716093
37	WGN46	49.9784591702127	7.56149368556907	46	34.7579618092737	65.1989565311517
39	WGN46	9.97767617021259	7.56149368556905	46	-5.2428211907264	25.1981735311516
41	WGN46	44.9106381702126	7.56149368556908	46	29.6901408092736	60.1311355311517
42	WGN46	23.5302961702128	7.56149368556901	46	8.30979880927392	38.7507935311517
43	WGN46	4.10075017021349	7.56149368556902	46	-11.1197471907254	19.3212475311524
44	WGN46	33.2099161702126	7.56149368556908	46	17.9894188092736	48.4304135311517
45	WGN46	22.8727431702125	7.56149368556906	46	7.65224580927348	38.0932405311515
47	WGN46	47.0261281702126	7.561493685569	46	31.8056308092737	62.2466255311515
49	WGN46	26.4358881702128	7.56149368556903	46	11.2153908092739	41.6563855311518
50	WGN46	60.2498191702126	7.56149368556905	46	45.0293218092736	75.4703165311516
51	WGN46	13.7016941702132	7.56149368556898	46	-1.51880319072562	28.9221915311521
52	WGN46	42.5119261702127	7.56149368556903	46	27.2914288092737	57.7324235311516
53	WGN46	46.1410061702126	7.56149368556906	46	30.9205088092736	61.3615035311516
54	WGN46	41.2302159999999	5.31856804786118	46	30.5244937839066	51.9359382160932
55	WGN46	31.9796941702127	7.561493685569	46	16.7591968092738	47.2001915311516
56	WGN46	47.8948981702127	7.56149368556909	46	32.6744008092736	63.1153955311518
57	WGN46	27.5708841702129	7.561493685569	46	12.350386809274	42.7913815311518
58	WGN46	29.2468181702129	7.56149368556902	46	14.0263208092739	44.4673155311518
59	WGN46	66.453206170213	7.56149368556908	46	51.2327088092739	81.673703531152
60	WGN46	20.1381031702124	7.56149368556906	46	4.91760580927344	35.3586005311515
62	WGN46	38.3156221702126	7.56149368556901	46	23.0951248092737	53.5361195311515
64	WGN46	25.0908181702128	7.56149368556901	46	9.87032080927387	40.3113155311517
65	WGN46	38.6470101702127	7.56149368556906	46	23.4265128092737	53.8675075311517
66	WGN46	40.5199661702126	7.56149368556902	46	25.2994688092736	55.7404635311515
67	WGN46	41.9592881702127	7.56149368556904	46	26.7387908092737	57.1797855311517
68	WGN46	31.4820801702125	7.56149368556906	46	16.2615828092735	46.7025775311515
69	WGN46	30.9580341702127	7.56149368556904	46	15.7375368092737	46.1785315311517
70	WGN46	47.7610281702126	7.56149368556902	46	32.5405308092737	62.9815255311515
71	WGN46	29.5937971702128	7.56149368556901	46	14.3732998092739	44.8142945311517
72	WGN46	26.7018181702129	7.56149368556901	46	11.4813208092739	41.9223155311518
73	WGN46	11.9876539999996	5.31856804786119	46	1.28193178390636	22.6933762160929
74	WGN46	34.3637381702126	7.56149368556904	46	19.1432408092736	49.5842355311515
75	WGN46	27.3166491702126	7.56149368556905	46	12.0961518092736	42.5371465311516
76	WGN46	47.2102411702127	7.56149368556907	46	31.9897438092737	62.4307385311517
78	WGN46	34.0285001702126	7.56149368556905	46	18.8080028092736	49.2489975311516
79	WGN46	15.662686170213	7.561493685569	46	0.442188809274134	30.8831835311519
80	WGN46	34.8810761702126	7.56149368556905	46	19.6605788092736	50.1015735311516
81	WGN46	14.9210381702128	7.56149368556902	46	-0.299459190726154	30.1415355311517
83	WGN46	29.9569311702127	7.56149368556902	46	14.7364338092738	45.1774285311517
84	WGN46	20.8853171702126	7.56149368556904	46	5.66481980927358	36.1058145311515
85	WGN46	38.8280111702127	7.56149368556901	46	23.6075138092738	54.0485085311516
86	WGN46	48.8082861702127	7.56149368556906	46	33.5877888092737	64.0287835311517
87	WGN46	40.3493461702127	7.56149368556904	46	25.1288488092737	55.5698435311517
89	WGN46	37.5232161702126	7.56149368556902	46	22.3027188092737	52.7437135311515
90	WGN46	38.7662661702126	7.56149368556904	46	23.5457688092736	53.9867635311516
93	WGN46	37.5309141702126	7.56149368556903	46	22.3104168092737	52.7514115311516
94	WGN46	51.4400611702127	7.56149368556903	46	36.2195638092737	66.6605585311516
96	WGN46	50.8725531702126	7.56149368556902	46	35.6520558092737	66.0930505311515
98	WGN46	35.8219999999999	5.31856804786117	46	25.1162777839066	46.5277222160931
100	WGN46	50.3948281702127	7.56149368556903	46	35.1743308092737	65.6153255311517
102	WGN46	24.8557084999998	5.31856804786116	46	14.1499862839066	35.5614307160931
103	WGN46	35.1974791702127	7.56149368556903	46	19.9769818092737	50.4179765311516
106	WGN46	32.9480221702127	7.56149368556903	46	17.7275248092737	48.1685195311516
107	WGN46	37.6856931702126	7.56149368556902	46	22.4651958092737	52.9061905311516
108	WGN46	42.1116341702126	7.56149368556904	46	26.8911368092736	57.3321315311516
109	WGN46	51.9274881702127	7.56149368556903	46	36.7069908092737	67.1479855311516
110	WGN46	37.7072941702126	7.56149368556903	46	22.4867968092737	52.9277915311516
111	WGN46	45.6210741702126	7.56149368556903	46	30.4005768092737	60.8415715311516
112	WGN46	65.3093281702126	7.56149368556903	46	50.0888308092736	80.5298255311515
113	WGN46	49.7587541702126	7.56149368556901	46	34.5382568092737	64.9792515311515
114	WGN46	25.6865541702127	7.56149368556902	46	10.4660568092738	40.9070515311516
115	WGN46	23.3994934999999	5.31856804786117	46	12.6937712839067	34.1052157160932
116	WGN46	41.5858181702126	7.56149368556903	46	26.3653208092737	56.8063155311516
119	WGN46	48.0752021702127	7.56149368556904	46	32.8547048092737	63.2956995311517
120	WGN46	37.2205674999998	5.31856804786117	46	26.5148452839066	47.9262897160931
121	WGN46	18.6682181702128	7.56149368556901	46	3.44772080927387	33.8887155311517
122	WGN46	19.2938181702126	7.56149368556901	46	4.07332080927372	34.5143155311516
123	WGN46	35.4508181702127	7.56149368556902	46	20.2303208092737	50.6713155311516
124	WGN46	14.0336181702126	7.56149368556904	46	-1.18687919072635	29.2541155311516
126	WGN46	48.2441321702126	7.56149368556903	46	33.0236348092737	63.4646295311515
127	WGN46	50.7043181702127	7.56149368556902	46	35.4838208092737	65.9248155311516
128	WGN46	25.6586381702127	7.56149368556903	46	10.4381408092737	40.8791355311516
129	WGN46	38.4155261702127	7.56149368556902	46	23.1950288092737	53.6360235311516
130	WGN46	25.5944981702127	7.56149368556902	46	10.3740008092737	40.8149955311516
1	WGN55	37.454818170213	7.56149368556908	46	22.2343208092739	52.675315531152
2	WGN55	39.0631101702129	7.56149368556905	46	23.8426128092739	54.2836075311519
3	WGN55	40.569453170213	7.56149368556901	46	25.3489558092741	55.7899505311519
4	WGN55	62.9854881702129	7.56149368556903	46	47.764990809274	78.2059855311519
5	WGN55	37.0462570000001	5.31856804786119	46	26.3405347839068	47.7519792160934
6	WGN55	34.051286170213	7.56149368556902	46	18.8307888092741	49.271783531152
7	WGN55	25.0385041702129	7.56149368556905	46	9.8180068092739	40.2590015311519
8	WGN55	33.949818170213	7.561493685569	46	18.7293208092741	49.1703155311519
9	WGN55	48.164530170213	7.56149368556897	46	32.9440328092741	63.3850275311518
10	WGN55	46.5769681702133	7.56149368556897	46	31.3564708092744	61.7974655311521
11	WGN55	26.6660331702131	7.56149368556899	46	11.4455358092742	41.8865305311519
12	WGN55	44.9812681702129	7.56149368556903	46	29.760770809274	60.2017655311518
13	WGN55	39.8543341702129	7.561493685569	46	24.633836809274	55.0748315311518
14	WGN55	46.6175721702132	7.56149368556903	46	31.3970748092742	61.8380695311521
15	WGN55	51.4131421702129	7.56149368556906	46	36.1926448092739	66.6336395311519
16	WGN55	57.5255601702133	7.56149368556907	46	42.3050628092743	72.7460575311524
17	WGN55	35.3720761702127	7.56149368556905	46	20.1515788092737	50.5925735311517
18	WGN55	29.9822420000006	5.31856804786115	46	19.2765197839074	40.6879642160938
19	WGN55	36.0787150000003	5.31856804786118	46	25.372992783907	46.7844372160936
20	WGN55	44.886818170213	7.56149368556906	46	29.666320809274	60.107315531152
21	WGN55	40.619074170213	7.56149368556908	46	25.3985768092739	55.839571531152
23	WGN55	57.6419641702131	7.56149368556903	46	42.4214668092741	72.862461531152
24	WGN55	46.645918170213	7.56149368556901	46	31.4254208092741	61.8664155311519
25	WGN55	38.8441281702129	7.56149368556908	46	23.6236308092739	54.064625531152
26	WGN55	34.3163141702129	7.56149368556909	46	19.0958168092739	49.536811531152
27	WGN55	51.2048621702128	7.56149368556903	46	35.9843648092738	66.4253595311517
28	WGN55	13.6957661702125	7.56149368556907	46	-1.52473119072652	28.9162635311515
29	WGN55	31.5385301702129	7.56149368556907	46	16.3180328092739	46.7590275311519
30	WGN55	50.3963061702132	7.56149368556909	46	35.1758088092741	65.6168035311522
31	WGN55	32.1231861702126	7.56149368556898	46	16.9026888092738	47.3436835311515
32	WGN55	38.5183981702131	7.56149368556902	46	23.2979008092741	53.738895531152
33	WGN55	32.1412961702133	7.561493685569	46	16.9207988092744	47.3617935311522
34	WGN55	44.741832170213	7.56149368556904	46	29.521334809274	59.962329531152
35	WGN55	27.8537721702131	7.56149368556905	46	12.6332748092742	43.0742695311521
36	WGN55	46.9299881702133	7.56149368556904	46	31.7094908092743	62.1504855311522
37	WGN55	14.6445061702131	7.56149368556903	46	-0.57599119072586	29.865003531152
38	WGN55	36.457078170213	7.56149368556907	46	21.2365808092739	51.677575531152
40	WGN55	28.5170081702131	7.56149368556904	46	13.2965108092741	43.737505531152
41	WGN55	16.0175661702131	7.56149368556899	46	0.797068809274268	31.238063531152
42	WGN55	45.3004081702132	7.56149368556904	46	30.0799108092742	60.5209055311521
43	WGN55	52.3792971702132	7.56149368556905	46	37.1587998092742	67.5997945311522
45	WGN55	29.758138170213	7.56149368556906	46	14.537640809274	44.978635531152
47	WGN55	29.212690170213	7.56149368556904	46	13.9921928092741	44.433187531152
49	WGN55	48.6362781702131	7.56149368556901	46	33.4157808092742	63.856775531152
52	WGN55	51.8954781702129	7.56149368556901	46	36.674980809274	67.1159755311518
53	WGN55	27.8676881702131	7.56149368556899	46	12.6471908092743	43.088185531152
54	WGN55	26.6010221702131	7.56149368556901	46	11.3805248092742	41.821519531152
55	WGN55	50.041528170213	7.56149368556904	46	34.821030809274	65.2620255311519
56	WGN55	47.9605941702131	7.56149368556908	46	32.7400968092741	63.1810915311522
57	WGN55	22.165689170213	7.56149368556904	46	6.94519180927403	37.386186531152
58	WGN55	44.252688170213	7.56149368556904	46	29.0321908092741	59.473185531152
59	WGN55	25.1863981702129	7.56149368556904	46	9.96590080927391	40.4068955311519
60	WGN55	45.294079170213	7.56149368556903	46	30.0735818092741	60.514576531152
61	WGN55	10.9333481702132	7.56149368556902	46	-4.28714919072576	26.1538455311521
62	WGN55	51.0302941702128	7.561493685569	46	35.8097968092739	66.2507915311517
63	WGN55	22.427723170213	7.56149368556905	46	7.20722580927404	37.648220531152
64	WGN55	45.168781170213	7.56149368556902	46	29.948283809274	60.3892785311519
65	WGN55	46.1268661702131	7.56149368556906	46	30.9063688092741	61.3473635311521
66	WGN55	31.488658170213	7.56149368556903	46	16.268160809274	46.7091555311519
67	WGN55	28.2618051702132	7.56149368556901	46	13.0413078092743	43.4823025311521
68	WGN55	28.212952170213	7.56149368556902	46	12.992454809274	43.4334495311519
69	WGN55	17.5069981702131	7.56149368556904	46	2.2865008092741	32.727495531152
70	WGN55	40.147666170213	7.56149368556903	46	24.9271688092741	55.368163531152
71	WGN55	38.337490170213	7.56149368556902	46	23.116992809274	53.5579875311519
72	WGN55	41.557010170213	7.56149368556904	46	26.336512809274	56.777507531152
73	WGN55	42.2096551702132	7.56149368556903	46	26.9891578092742	57.4301525311521
74	WGN55	39.3694491702131	7.56149368556901	46	24.1489518092742	54.589946531152
75	WGN55	35.279946170213	7.56149368556904	46	20.059448809274	50.500443531152
76	WGN55	35.3181781702131	7.56149368556901	46	20.0976808092741	50.538675531152
78	WGN55	34.1110695000002	5.31856804786117	46	23.4053472839069	44.8167917160934
80	WGN55	32.610038170213	7.56149368556905	46	17.389540809274	47.830535531152
81	WGN55	24.773008170213	7.56149368556902	46	9.55251080927405	39.9935055311519
82	WGN55	58.7801821702129	7.56149368556904	46	43.559684809274	74.0006795311519
83	WGN55	28.897818170213	7.56149368556902	46	13.6773208092741	44.1183155311519
84	WGN55	46.769998170213	7.56149368556904	46	31.549500809274	61.990495531152
85	WGN55	43.9094681702129	7.56149368556902	46	28.688970809274	59.1299655311518
86	WGN55	18.6244821702129	7.56149368556904	46	3.40398480927388	33.8449795311518
87	WGN55	31.8386831702129	7.56149368556906	46	16.6181858092739	47.0591805311519
88	WGN55	25.194378170213	7.56149368556902	46	9.97388080927406	40.4148755311519
89	WGN55	47.941588170213	7.56149368556905	46	32.721090809274	63.162085531152
90	WGN55	18.677644170213	7.56149368556903	46	3.45714680927401	33.8981415311519
91	WGN55	66.8464041702129	7.56149368556903	46	51.6259068092739	82.0669015311519
92	WGN55	34.1435941702129	7.56149368556904	46	18.9230968092739	49.3640915311519
93	WGN55	22.879838170213	7.56149368556903	46	7.65934080927403	38.1003355311519
94	WGN55	31.7585691702129	7.56149368556904	46	16.5380718092739	46.9790665311519
95	WGN55	35.887234170213	7.56149368556904	46	20.666736809274	51.107731531152
96	WGN55	25.6460931702129	7.56149368556905	46	10.4255958092739	40.8665905311519
97	WGN55	42.528875170213	7.56149368556903	46	27.308377809274	57.7493725311519
98	WGN55	39.431196170213	7.56149368556905	46	24.210698809274	54.651693531152
99	WGN55	43.723903170213	7.56149368556904	46	28.503405809274	58.9444005311519
100	WGN55	23.432506170213	7.56149368556904	46	8.21200880927404	38.653003531152
101	WGN55	42.107818170213	7.56149368556904	46	26.8873208092741	57.328315531152
102	WGN55	22.770546170213	7.56149368556904	46	7.55004880927402	37.9910435311519
103	WGN55	25.212318170213	7.56149368556904	46	9.99182080927404	40.432815531152
105	WGN55	44.689326170213	7.56149368556905	46	29.468828809274	59.909823531152
106	WGN55	17.6622931702129	7.56149368556904	46	2.44179580927397	32.8827905311519
107	WGN55	35.373406170213	7.56149368556904	46	20.152908809274	50.5939035311519
108	WGN55	50.825909170213	7.56149368556905	46	35.605411809274	66.046406531152
109	WGN55	47.493667170213	7.56149368556903	46	32.273169809274	62.7141645311519
110	WGN55	62.2045901702129	7.56149368556903	46	46.984092809274	77.4250875311519
112	WGN55	35.0046370000002	5.31856804786117	46	24.298914783907	45.7103592160935
114	WGN55	29.0396141702129	7.56149368556904	46	13.819116809274	44.2601115311519
115	WGN55	54.242377170213	7.56149368556903	46	39.021879809274	69.4628745311519
117	WGN55	26.158468170213	7.56149368556904	46	10.937970809274	41.3789655311519
118	WGN55	43.843790170213	7.56149368556903	46	28.623292809274	59.0642875311519
119	WGN55	70.1796391702129	7.56149368556904	46	54.959141809274	85.4001365311519
120	WGN55	21.444241170213	7.56149368556903	46	6.22374380927402	36.6647385311519
121	WGN55	34.258862170213	7.56149368556905	46	19.038364809274	49.479359531152
122	WGN55	43.298544170213	7.56149368556903	46	28.078046809274	58.5190415311519
123	WGN55	35.397334170213	7.56149368556904	46	20.176836809274	50.617831531152
124	WGN55	38.460568170213	7.56149368556903	46	23.240070809274	53.6810655311519
125	WGN55	22.861730170213	7.56149368556903	46	7.64123280927403	38.0822275311519
126	WGN55	40.895052170213	7.56149368556904	46	25.674554809274	56.115549531152
128	WGN55	22.877227170213	7.56149368556904	46	7.65672980927403	38.097724531152
129	WGN55	49.532154170213	7.56149368556903	46	34.311656809274	64.7526515311519
130	WGN55	34.3787675000002	5.31856804786116	46	23.673045283907	45.0844897160935
1	WGN63	50.8196581702129	7.56149368556901	46	35.599160809274	66.0401555311518
2	WGN63	39.1879931702128	7.56149368556903	46	23.9674958092738	54.4084905311517
3	WGN63	32.7263601702127	7.56149368556908	46	17.5058628092737	47.9468575311518
4	WGN63	43.3015381702126	7.56149368556907	46	28.0810408092736	58.5220355311517
5	WGN63	41.763238170213	7.56149368556902	46	26.5427408092741	56.9837355311519
6	WGN63	27.8045581702124	7.56149368556908	46	12.5840608092733	43.0250555311514
8	WGN63	34.0644981702129	7.56149368556904	46	18.844000809274	49.2849955311519
9	WGN63	32.5176751702124	7.56149368556902	46	17.2971778092734	47.7381725311513
10	WGN63	38.7583621702126	7.56149368556902	46	23.5378648092737	53.9788595311516
12	WGN63	28.752418170213	7.56149368556905	46	13.531920809274	43.972915531152
16	WGN63	17.6923481702128	7.56149368556906	46	2.47185080927375	32.9128455311518
17	WGN63	23.5269831702123	7.56149368556907	46	8.30648580927325	38.7474805311513
18	WGN63	20.1855381702128	7.56149368556906	46	4.96504080927379	35.4060355311518
19	WGN63	37.360028170213	7.56149368556901	46	22.1395308092741	52.5805255311519
20	WGN63	42.7388491702129	7.56149368556901	46	27.518351809274	57.9593465311518
22	WGN63	34.5095851702128	7.56149368556906	46	19.2890878092738	49.7300825311518
23	WGN63	39.0275531702128	7.56149368556904	46	23.8070558092739	54.2480505311518
24	WGN63	31.6237821702129	7.56149368556903	46	16.4032848092739	46.8442795311518
25	WGN63	17.9516581702125	7.56149368556906	46	2.73116080927351	33.1721555311516
26	WGN63	32.2392931702127	7.56149368556904	46	17.0187958092737	47.4597905311517
27	WGN63	28.8147831702128	7.56149368556906	46	13.5942858092738	44.0352805311518
28	WGN63	34.9504661702125	7.56149368556903	46	19.7299688092735	50.1709635311514
29	WGN63	18.8933861702125	7.56149368556905	46	3.6728888092735	34.1138835311515
31	WGN63	23.3224481702127	7.56149368556902	46	8.1019508092738	38.5429455311517
32	WGN63	30.4582781702129	7.56149368556902	46	15.2377808092739	45.6787755311518
33	WGN63	27.6147331702123	7.56149368556906	46	12.3942358092733	42.8352305311513
34	WGN63	45.6292781702127	7.56149368556901	46	30.4087808092738	60.8497755311516
35	WGN63	56.9158261702127	7.56149368556902	46	41.6953288092738	72.1363235311517
36	WGN63	40.1248481702129	7.56149368556901	46	24.904350809274	55.3453455311518
37	WGN63	32.1991221702129	7.56149368556904	46	16.978624809274	47.4196195311519
38	WGN63	28.9662681702127	7.56149368556907	46	13.7457708092736	44.1867655311517
39	WGN63	35.8270035000002	5.31856804786116	46	25.121281283907	46.5327257160935
42	WGN63	49.7408515000001	5.31856804786116	46	39.0351292839068	60.4465737160933
43	WGN63	21.0695981702127	7.56149368556904	46	5.84910080927369	36.2900955311516
44	WGN63	29.7937381702127	7.56149368556905	46	14.5732408092737	45.0142355311517
45	WGN63	26.0468981702129	7.56149368556903	46	10.826400809274	41.2673955311518
46	WGN63	32.2745181702126	7.56149368556906	46	17.0540208092736	47.4950155311517
47	WGN63	23.4791981702127	7.56149368556906	46	8.25870080927373	38.6996955311517
48	WGN63	38.2436141702128	7.56149368556904	46	23.0231168092738	53.4641115311518
49	WGN63	36.2745981702128	7.56149368556905	46	21.0541008092738	51.4950955311517
50	WGN63	30.4050181702126	7.56149368556903	46	15.1845208092736	45.6255155311516
52	WGN63	29.228018170213	7.56149368556903	46	14.0075208092741	44.448515531152
53	WGN63	45.2176681702127	7.56149368556903	46	29.9971708092738	60.4381655311517
54	WGN63	24.7475341702128	7.56149368556904	46	9.52703680927379	39.9680315311517
55	WGN63	25.9812101702129	7.56149368556903	46	10.760712809274	41.2017075311519
56	WGN63	43.7232881702128	7.56149368556905	46	28.5027908092738	58.9437855311518
57	WGN63	45.9232081702128	7.56149368556902	46	30.7027108092739	61.1437055311517
58	WGN63	24.4735681702128	7.56149368556903	46	9.2530708092738	39.6940655311517
59	WGN63	20.9322131702127	7.56149368556904	46	5.71171580927372	36.1527105311517
61	WGN63	23.5481281702126	7.56149368556906	46	8.32763080927361	38.7686255311516
63	WGN63	38.66317	5.31856804786117	46	27.9574477839067	49.3688922160932
65	WGN63	35.2100681702129	7.56149368556904	46	19.9895708092739	50.4305655311518
66	WGN63	27.3389331702129	7.56149368556903	46	12.1184358092739	42.5594305311518
67	WGN63	52.0577941702128	7.56149368556905	46	36.8372968092738	67.2782915311518
68	WGN63	33.6992481702127	7.56149368556905	46	18.4787508092737	48.9197455311517
69	WGN63	33.7457951702128	7.56149368556903	46	18.5252978092739	48.9662925311518
70	WGN63	15.4826481702125	7.56149368556905	46	0.262150809273525	30.7031455311515
72	WGN63	64.9683221702127	7.56149368556903	46	49.7478248092738	80.1888195311517
74	WGN63	14.1588981702126	7.56149368556906	46	-1.06159919072642	29.3793955311516
75	WGN63	34.7111899999999	5.31856804786116	46	24.0054677839067	45.4169122160932
76	WGN63	36.9367731702128	7.56149368556905	46	21.7162758092738	52.1572705311517
77	WGN63	44.4732981702128	7.56149368556904	46	29.2528008092738	59.6937955311518
78	WGN63	29.3323931702129	7.56149368556905	46	14.1118958092739	44.5528905311519
79	WGN63	34.2515981702129	7.56149368556904	46	19.0311008092739	49.4720955311518
80	WGN63	28.1072281702128	7.56149368556905	46	12.8867308092738	43.3277255311518
81	WGN63	17.2958731702129	7.56149368556903	46	2.07537580927397	32.5163705311519
83	WGN63	14.5542181702129	7.56149368556903	46	-0.666279190726002	29.7747155311519
84	WGN63	35.6529281702128	7.56149368556904	46	20.4324308092739	50.8734255311518
85	WGN63	26.9558781702128	7.56149368556905	46	11.7353808092738	42.1763755311518
86	WGN63	31.5579481702129	7.56149368556903	46	16.3374508092739	46.7784455311518
88	WGN63	28.3922181702128	7.56149368556904	46	13.1717208092738	43.6127155311518
91	WGN63	21.7811961702128	7.56149368556905	46	6.56069880927377	37.0016935311517
92	WGN63	18.8765331702128	7.56149368556904	46	3.65603580927382	34.0970305311518
94	WGN63	42.7724281702128	7.56149368556903	46	27.5519308092738	57.9929255311517
95	WGN63	28.4643681702128	7.56149368556904	46	13.2438708092738	43.6848655311518
96	WGN63	24.5084981702127	7.56149368556905	46	9.28800080927376	39.7289955311517
98	WGN63	29.9290481702128	7.56149368556904	46	14.7085508092738	45.1495455311518
99	WGN63	31.2604301702127	7.56149368556904	46	16.0399328092737	46.4809275311517
100	WGN63	50.0358181702128	7.56149368556904	46	34.8153208092739	65.2563155311518
101	WGN63	42.9297681702128	7.56149368556905	46	27.7092708092738	58.1502655311518
102	WGN63	51.8959581702128	7.56149368556903	46	36.6754608092739	67.1164555311518
103	WGN63	34.1299281702128	7.56149368556904	46	18.9094308092739	49.3504255311518
105	WGN63	32.0137431702128	7.56149368556903	46	16.7932458092739	47.2342405311518
107	WGN63	14.2908981702128	7.56149368556904	46	-0.929599190726144	29.5113955311518
110	WGN63	14.0121281702129	7.56149368556903	46	-1.20836919072609	29.2326255311518
111	WGN63	22.2606181702129	7.56149368556903	46	7.04012080927397	37.4811155311519
112	WGN63	29.2368181702129	7.56149368556903	46	14.0163208092739	44.4573155311518
114	WGN63	45.4879781702128	7.56149368556903	46	30.2674808092739	60.7084755311518
115	WGN63	28.6337781702128	7.56149368556903	46	13.4132808092739	43.8542755311518
116	WGN63	34.2430031702128	7.56149368556903	46	19.0225058092739	49.4635005311518
117	WGN63	30.3537181702129	7.56149368556903	46	15.1332208092739	45.5742155311518
118	WGN63	40.0481431702129	7.56149368556903	46	24.8276458092739	55.2686405311518
119	WGN63	45.3601381702128	7.56149368556904	46	30.1396408092738	60.5806355311518
121	WGN63	40.8242371702128	7.56149368556904	46	25.6037398092739	56.0447345311518
123	WGN63	26.9312981702128	7.56149368556904	46	11.7108008092739	42.1517955311518
124	WGN63	32.5409381702128	7.56149368556903	46	17.3204408092739	47.7614355311518
125	WGN63	46.9630881702128	7.56149368556903	46	31.7425908092739	62.1835855311518
126	WGN63	37.5729475000001	5.31856804786117	46	26.8672252839068	48.2786697160933
127	WGN63	31.0297831702128	7.56149368556903	46	15.8092858092739	46.2502805311518
128	WGN63	22.0648181702128	7.56149368556903	46	6.84432080927388	37.2853155311518
129	WGN63	27.8206281702128	7.56149368556904	46	12.6001308092739	43.0411255311518
130	WGN63	35.0286781702128	7.56149368556904	46	19.8081808092739	50.2491755311518
