plantID3	famID	emmean	SE	df	lower.CL	upper.CL
1	WGN07	24.7765179999991	10.6974196481656	98	3.54783686099486	46.0051991390034
2	WGN07	78.118590984851	15.1665909550763	98	48.0209848386594	108.216197131043
3	WGN07	42.6049339848295	15.1665909550757	98	12.5073278386391	72.7025401310198
4	WGN07	15.1254489848242	15.1665909550773	98	-14.9721571613695	45.2230551310179
5	WGN07	85.4395169848443	15.1665909550753	98	55.3419108386545	115.537123131034
6	WGN07	14.0895189848474	15.1665909550753	98	-16.0080871613421	44.187125131037
7	WGN07	27.7499999848542	15.1665909550757	98	-2.34760616133628	57.8476061310447
8	WGN07	36.3619269848506	15.1665909550762	98	6.26432083865926	66.459533131042
9	WGN07	104.171630984848	15.1665909550761	98	74.0740248386564	134.269237131039
10	WGN07	16.5325939848496	15.1665909550761	98	-13.5650121613416	46.6302001310407
11	WGN07	35.6201629848502	15.1665909550766	98	5.52255683865804	65.7177691310424
12	WGN07	55.072518984849	15.166590955076	98	24.974912838658	85.17012513104
13	WGN07	32.9133039848493	15.1665909550761	98	2.8156978386581	63.0109101310405
14	WGN07	65.2924439848472	15.1665909550764	98	35.1948378386553	95.3900501310391
15	WGN07	28.9156329848483	15.166590955076	98	-1.18197316134266	59.0132391310393
16	WGN07	44.0866829848501	15.1665909550764	98	13.9890768386582	74.1842891310419
17	WGN07	62.2553869848479	15.166590955076	98	32.1577808386568	92.3529931310391
18	WGN07	55.8965239848484	15.1665909550762	98	25.7989178386569	85.9941301310398
20	WGN07	4.36427898484714	15.1665909550766	98	-25.733327161345	34.4618851310393
21	WGN07	52.6677599848489	15.1665909550765	98	22.5701538386569	82.7653661310408
22	WGN07	64.0592489848471	15.166590955076	98	33.961642838656	94.1568551310382
23	WGN07	68.1383600000002	10.6974196481653	98	46.9096788609966	89.3670411390039
24	WGN07	42.4306659848486	15.1665909550764	98	12.3330598386568	72.5282721310405
25	WGN07	30.9361309848475	15.1665909550763	98	0.838524838655967	61.0337371310391
26	WGN07	68.0725089848479	15.1665909550762	98	37.9749028386565	98.1701151310393
27	WGN07	85.5358089848484	15.1665909550763	98	55.4382028386569	115.63341513104
28	WGN07	9.71282898484868	15.1665909550759	98	-20.3847771613422	39.8104351310396
29	WGN07	33.2936539848485	15.1665909550765	98	3.19604783865644	63.3912601310405
30	WGN07	46.309638984849	15.1665909550766	98	16.2120328386569	76.4072451310412
31	WGN07	32.6810029848485	15.1665909550761	98	2.58339683865727	62.7786091310398
32	WGN07	12.6746669848472	15.1665909550766	98	-17.4229391613449	42.7722731310393
33	WGN07	59.6809269848494	15.1665909550765	98	29.5833208386574	89.7785331310415
34	WGN07	60.7329089848485	15.1665909550764	98	30.6353028386565	90.8305151310404
35	WGN07	98.680101015152	15.1665909550764	98	68.5824948689602	128.777707161344
36	WGN07	13.6731979848483	15.1665909550758	98	-16.4244081613424	43.7708041310389
37	WGN07	26.5035189848486	15.1665909550764	98	-3.59408716134318	56.6011251310404
38	WGN07	58.0765819848489	15.1665909550764	98	27.9789758386571	88.1741881310408
39	WGN07	33.9296889848478	15.1665909550757	98	3.8320828386573	64.0272951310383
40	WGN07	38.1495189848483	15.166590955076	98	8.05191283865739	68.2471251310393
41	WGN07	79.8160839848468	15.1665909550755	98	49.7184778386568	109.913690131037
42	WGN07	42.7310670000007	10.6974196481656	98	21.5023858609966	63.9597481390049
44	WGN07	24.9853569848488	15.1665909550764	98	-5.11224916134301	55.0829631310406
46	WGN07	23.6890599848483	15.1665909550763	98	-6.40854616134337	53.78666613104
47	WGN07	29.9033609848484	15.166590955076	98	-0.194245161342725	60.0009671310395
48	WGN07	48.6657550000004	10.6974196481654	98	27.4370738609966	69.8944361390043
49	WGN07	66.0206589848478	15.1665909550763	98	35.9230528386561	96.1182651310395
50	WGN07	72.5380719848481	15.1665909550764	98	42.4404658386562	102.63567813104
51	WGN07	55.831498984849	15.1665909550758	98	25.7338928386583	85.9291051310397
52	WGN07	30.6393139848475	15.1665909550762	98	0.541707838656045	60.736920131039
53	WGN07	75.5075689848491	15.1665909550766	98	45.4099628386569	105.605175131041
55	WGN07	44.874798499999	10.6974196481652	98	23.6461173609956	66.1034796390024
56	WGN07	61.4725189848484	15.1665909550762	98	31.374912838657	91.5701251310398
57	WGN07	41.4951425000003	10.6974196481653	98	20.2664613609967	62.7238236390038
58	WGN07	25.2436189848466	15.1665909550761	98	-4.85398716134461	55.3412251310379
59	WGN07	55.0750339848482	15.1665909550762	98	24.9774278386568	85.1726401310395
60	WGN07	31.0586969848469	15.1665909550765	98	0.961090838654801	61.1563031310389
61	WGN07	64.6817389848487	15.1665909550766	98	34.5841328386566	94.7793451310409
63	WGN07	29.8156939848479	15.1665909550762	98	-0.281912161343538	59.9133001310394
64	WGN07	39.5041539848478	15.1665909550762	98	9.40654783865646	69.6017601310392
66	WGN07	66.7860639848484	15.1665909550762	98	36.6884578386569	96.8836701310398
67	WGN07	28.2291789848487	15.1665909550765	98	-1.86842716134331	58.3267851310407
68	WGN07	14.7639159848488	15.1665909550765	98	-15.3336901613432	44.8615221310407
69	WGN07	74.438478984847	15.1665909550759	98	44.3408728386561	104.536085131038
71	WGN07	49.9525189848485	15.1665909550765	98	19.8549128386564	80.0501251310406
73	WGN07	41.1814249848485	15.1665909550764	98	11.0838188386567	71.2790311310402
74	WGN07	58.7589339848482	15.1665909550764	98	28.6613278386564	88.85654013104
75	WGN07	67.2400139848476	15.1665909550764	98	37.1424078386558	97.3376201310394
77	WGN07	101.246908984848	15.1665909550762	98	71.1493028386564	131.344515131039
78	WGN07	31.4500469848486	15.1665909550764	98	1.35244083865668	61.5476531310405
79	WGN07	43.6439189848483	15.1665909550762	98	13.5463128386568	73.7415251310397
80	WGN07	85.5215189848487	15.1665909550764	98	55.423912838657	115.619125131041
81	WGN07	74.6565309848497	15.1665909550767	98	44.5589248386573	104.754137131042
82	WGN07	54.5266069848469	15.1665909550758	98	24.4290008386562	84.6242131310376
84	WGN07	68.729191999999	10.6974196481654	98	47.5005108609953	89.9578731390028
85	WGN07	58.3990889848488	15.1665909550766	98	28.3014828386567	88.496695131041
86	WGN07	43.7676429848488	15.1665909550763	98	13.6700368386571	73.8652491310404
87	WGN07	59.3836389848482	15.1665909550763	98	29.2860328386564	89.4812451310399
88	WGN07	79.0815189848484	15.1665909550765	98	48.9839128386565	109.17912513104
89	WGN07	27.2543289848475	15.1665909550757	98	-2.84327716134293	57.3519351310379
90	WGN07	70.6643189848466	15.1665909550756	98	40.5667128386563	100.761925131037
91	WGN07	51.9841039848491	15.1665909550763	98	21.8864978386575	82.0817101310407
92	WGN07	14.1147939848476	15.1665909550766	98	-15.9828121613447	44.2124001310398
93	WGN07	58.5605189848466	15.1665909550765	98	28.4629128386546	88.6581251310386
94	WGN07	86.7867829848482	15.1665909550762	98	56.6891768386568	116.88438913104
95	WGN07	68.6716569848486	15.1665909550762	98	38.5740508386571	98.7692631310401
96	WGN07	27.3875149999993	10.6974196481654	98	6.15883386099553	48.6161961390031
97	WGN07	106.974236499999	10.6974196481652	98	85.7455553609957	128.202917639002
98	WGN07	43.3369389848492	15.1665909550763	98	13.2393328386576	73.4345451310409
99	WGN07	75.0784139848479	15.1665909550762	98	44.9808078386564	105.176020131039
100	WGN07	46.0239274999999	10.6974196481653	98	24.7952463609963	67.2526086390036
101	WGN07	23.7249649848485	15.1665909550763	98	-6.37264116134322	53.8225711310402
102	WGN07	44.4964499848483	15.1665909550764	98	14.3988438386564	74.5940561310402
103	WGN07	62.6766189848478	15.1665909550762	98	32.5790128386563	92.7742251310392
104	WGN07	62.7543749848474	15.1665909550762	98	32.6567688386561	92.8519811310388
105	WGN07	44.8895189848481	15.1665909550756	98	14.7919128386579	74.9871251310383
106	WGN07	64.3859289848479	15.1665909550762	98	34.2883228386565	94.4835351310393
107	WGN07	42.3590739848479	15.1665909550762	98	12.2614678386564	72.4566801310394
108	WGN07	18.2255689848476	15.1665909550767	98	-11.8720371613448	48.3231751310399
109	WGN07	10.9064069848484	15.1665909550766	98	-19.1911991613439	41.0040131310408
110	WGN07	69.6218469848473	15.1665909550765	98	39.5242408386553	99.7194531310393
111	WGN07	53.2734689848482	15.1665909550762	98	23.1758628386568	83.3710751310395
112	WGN07	39.1904159848482	15.1665909550765	98	9.09280983865629	69.2880221310402
113	WGN07	24.2465189848481	15.1665909550764	98	-5.85108716134371	54.3441251310398
114	WGN07	48.8721739848484	15.1665909550764	98	18.7745678386564	78.9697801310403
115	WGN07	75.5672889848473	15.1665909550762	98	45.4696828386559	105.664895131039
116	WGN07	82.9320949848464	15.1665909550766	98	52.8344888386542	113.029701131039
117	WGN07	22.0729229848494	15.1665909550765	98	-8.0246831613426	52.1705291310415
118	WGN07	46.4095189848497	15.1665909550764	98	16.3119128386579	76.5071251310414
119	WGN07	39.5425689848484	15.1665909550766	98	9.44496283865624	69.6401751310406
120	WGN07	51.6440424999997	10.6974196481652	98	30.4153613609963	72.8727236390031
121	WGN07	32.4417039848486	15.1665909550762	98	2.34409783865726	62.53931013104
122	WGN07	6.54545498484837	15.1665909550763	98	-23.5521511613433	36.64306113104
123	WGN07	52.1554939848484	15.1665909550766	98	22.0578878386561	82.2531001310407
124	WGN07	56.2816589848487	15.1665909550762	98	26.1840528386572	86.3792651310403
125	WGN07	34.7000489848483	15.1665909550763	98	4.60244283865674	64.7976551310399
126	WGN07	44.4245189848492	15.1665909550761	98	14.326912838658	74.5221251310404
127	WGN07	90.6495739848501	15.1665909550764	98	60.5519678386582	120.747180131042
128	WGN07	23.0659349848476	15.1665909550764	98	-7.03167116134416	53.1635411310394
129	WGN07	51.7557269848486	15.1665909550765	98	21.6581208386565	81.8533331310407
130	WGN07	35.2893389848486	15.1665909550763	98	5.19173283865698	65.3869451310403
1	WGN15	48.6329589848485	15.1665909550765	98	18.5353528386565	78.7305651310406
2	WGN15	35.3337300000008	10.6974196481653	98	14.1050488609973	56.5624111390044
3	WGN15	59.133043984849	15.1665909550762	98	29.0354378386574	89.2306501310405
4	WGN15	64.953518984849	15.1665909550762	98	34.8559128386576	95.0511251310405
5	WGN15	44.7681309848495	15.1665909550764	98	14.6705248386577	74.8657371310413
7	WGN15	56.6144075000011	10.6974196481654	98	35.3857263609974	77.8430886390048
8	WGN15	63.9843489848495	15.1665909550763	98	33.8867428386579	94.081955131041
9	WGN15	23.6421989848495	15.1665909550763	98	-6.45540716134219	53.7398051310412
10	WGN15	62.2889589848494	15.1665909550763	98	32.1913528386578	92.386565131041
11	WGN15	82.1952149848485	15.1665909550761	98	52.0976088386572	112.29282113104
12	WGN15	22.1249389848495	15.1665909550762	98	-7.97266716134192	52.222545131041
13	WGN15	43.2969989848491	15.1665909550762	98	13.1993928386576	73.3946051310405
14	WGN15	27.0771109848493	15.1665909550763	98	-3.0204951613423	57.174717131041
15	WGN15	70.7173089848506	15.1665909550766	98	40.6197028386584	100.814915131043
16	WGN15	32.0558839848492	15.1665909550763	98	1.95827783865748	62.1534901310409
17	WGN15	38.936593984849	15.1665909550761	98	8.83898783865785	69.0342001310402
18	WGN15	56.6947439848492	15.1665909550761	98	26.597137838658	86.7923501310405
19	WGN15	65.4484049848491	15.1665909550761	98	35.3507988386579	95.5460111310404
20	WGN15	82.7154589848493	15.1665909550763	98	52.6178528386578	112.813065131041
21	WGN15	68.1674390000008	10.6974196481653	98	46.9387578609972	89.3961201390044
22	WGN15	32.6107189848497	15.1665909550765	98	2.51311283865762	62.7083251310418
23	WGN15	96.2138309848502	15.166590955076	98	66.1162248386591	126.311437131041
24	WGN15	6.28608398484929	15.1665909550763	98	-23.8115221613423	36.3836901310409
25	WGN15	39.0249139848488	15.1665909550761	98	8.92730783865749	69.12252013104
26	WGN15	63.5989699848491	15.1665909550762	98	33.5013638386577	93.6965761310406
27	WGN15	75.1757189848486	15.1665909550761	98	45.0781128386574	105.27332513104
28	WGN15	65.519243984849	15.1665909550766	98	35.4216378386568	95.6168501310412
29	WGN15	58.8676589848497	15.1665909550763	98	28.7700528386581	88.9652651310413
30	WGN15	68.2105479848495	15.1665909550765	98	38.1129418386575	98.3081541310415
31	WGN15	48.5789409848491	15.1665909550762	98	18.4813348386576	78.6765471310406
32	WGN15	71.2570189848476	15.1665909550758	98	41.1594128386569	101.354625131038
33	WGN15	65.0708839848489	15.166590955076	98	34.9732778386579	95.1684901310399
34	WGN15	32.0952939848491	15.1665909550763	98	1.99768783865745	62.1929001310408
35	WGN15	74.2712309848491	15.1665909550762	98	44.1736248386577	104.36883713104
36	WGN15	19.16393898485	15.1665909550762	98	-10.9336671613413	49.2615451310414
37	WGN15	69.7788689848493	15.1665909550764	98	39.6812628386575	99.8764751310411
38	WGN15	14.7907989848485	15.1665909550764	98	-15.3068071613432	44.8884051310403
39	WGN15	61.7789989848493	15.1665909550763	98	31.6813928386576	91.876605131041
40	WGN15	25.102468984849	15.166590955076	98	-4.99513716134213	55.2000751310401
41	WGN15	56.4997589848491	15.1665909550764	98	26.4021528386574	86.5973651310409
43	WGN15	53.6204339848491	15.1665909550765	98	23.522827838657	83.7180401310412
44	WGN15	67.2352509848494	15.1665909550763	98	37.1376448386577	97.332857131041
45	WGN15	68.2607189848497	15.1665909550762	98	38.1631128386582	98.3583251310412
46	WGN15	43.7506939848496	15.1665909550759	98	13.6530878386587	73.8483001310404
47	WGN15	43.7740989848482	15.1665909550766	98	13.676492838656	73.8717051310404
48	WGN15	48.1209189848488	15.1665909550763	98	18.0233128386572	78.2185251310403
50	WGN15	93.0320089848487	15.1665909550766	98	62.9344028386565	123.129615131041
51	WGN15	29.9910969848495	15.1665909550764	98	-0.106509161342267	60.0887031310413
52	WGN15	57.0297839848493	15.1665909550763	98	26.9321778386577	87.1273901310409
53	WGN15	19.7866939848489	15.1665909550765	98	-10.3109121613432	49.8843001310409
54	WGN15	66.489938984849	15.1665909550763	98	36.3923328386575	96.5875451310406
55	WGN15	45.4760169848485	15.1665909550764	98	15.3784108386567	75.5736231310402
56	WGN15	32.1039789848495	15.1665909550761	98	2.00637283865835	62.2015851310406
57	WGN15	24.3646989848492	15.1665909550763	98	-5.73290716134233	54.4623051310407
58	WGN15	29.1885189848489	15.1665909550765	98	-0.90908716134313	59.2861251310409
59	WGN15	91.001998984848	15.1665909550761	98	60.9043928386567	121.099605131039
60	WGN15	27.0310039848497	15.1665909550763	98	-3.06660216134188	57.1286101310414
61	WGN15	70.2292149848484	15.1665909550758	98	40.1316088386578	100.326821131039
62	WGN15	58.9111339848495	15.1665909550762	98	28.8135278386581	89.008740131041
63	WGN15	91.14485098485	15.1665909550763	98	61.0472448386584	121.242457131042
64	WGN15	25.9200975000008	10.6974196481652	98	4.69141636099735	47.1487786390043
65	WGN15	48.9827669848494	15.1665909550759	98	18.8851608386586	79.0803731310402
66	WGN15	21.87395898485	15.166590955076	98	-8.22364716134109	51.9715651310411
67	WGN15	94.2728689848487	15.1665909550759	98	64.1752628386578	124.37047513104
69	WGN15	60.2492529848491	15.1665909550763	98	30.1516468386574	90.3468591310408
70	WGN15	66.4636689848489	15.1665909550762	98	36.3660628386575	96.5612751310403
72	WGN15	44.3418589848493	15.1665909550762	98	14.2442528386578	74.4394651310408
73	WGN15	72.1753139848489	15.1665909550761	98	42.0777078386576	102.27292013104
74	WGN15	41.2421100000011	10.6974196481652	98	20.0134288609977	62.4707911390044
75	WGN15	91.4664389848512	15.1665909550768	98	61.3688328386586	121.564045131044
77	WGN15	25.0039389848488	15.1665909550758	98	-5.09366716134185	55.1015451310395
78	WGN15	17.9415189848492	15.1665909550764	98	-12.1560871613426	48.039125131041
79	WGN15	63.3086489848494	15.1665909550762	98	33.211042838658	93.4062551310409
80	WGN15	33.7192489848488	15.1665909550766	98	3.62164283865661	63.816855131041
81	WGN15	115.266308984848	15.166590955076	98	85.1687028386571	145.363915131039
82	WGN15	50.9895189848492	15.1665909550763	98	20.8919128386576	81.0871251310408
83	WGN15	52.4927189848493	15.1665909550763	98	22.3951128386578	82.5903251310409
84	WGN15	77.6400575000013	10.6974196481651	98	56.411376360998	98.8687386390046
85	WGN15	90.3964789848517	15.1665909550762	98	60.2988728386602	120.494085131043
87	WGN15	27.9876069848488	15.1665909550763	98	-2.10999916134291	58.0852131310405
88	WGN15	49.4053739848499	15.1665909550763	98	19.3077678386582	79.5029801310416
89	WGN15	44.088978984849	15.1665909550765	98	13.991372838657	74.186585131041
90	WGN15	56.2672439848491	15.1665909550762	98	26.1696378386577	86.3648501310405
91	WGN15	45.5682249848491	15.1665909550764	98	15.4706188386572	75.6658311310409
92	WGN15	22.4180789848496	15.1665909550759	98	-7.67952716134127	52.5156851310406
93	WGN15	54.2908439848494	15.1665909550765	98	24.1932378386574	84.3884501310414
94	WGN15	85.3130639848485	15.1665909550759	98	55.2154578386576	115.410670131039
95	WGN15	33.9179189848489	15.1665909550763	98	3.82031283865724	64.0155251310406
96	WGN15	65.1043039848495	15.1665909550763	98	35.0066978386579	95.2019101310411
97	WGN15	37.2996489848493	15.1665909550762	98	7.20204283865785	67.3972551310407
98	WGN15	44.407548984849	15.1665909550763	98	14.3099428386574	74.5051551310406
99	WGN15	53.2986439848513	15.1665909550763	98	23.2010378386598	83.3962501310429
100	WGN15	21.1984689848487	15.1665909550761	98	-8.89913716134259	51.29607513104
101	WGN15	96.3862189848495	15.1665909550764	98	66.2886128386577	126.483825131041
102	WGN15	40.0364189848498	15.1665909550762	98	9.93881283865848	70.1340251310412
103	WGN15	26.8905189848489	15.1665909550767	98	-3.20708716134356	56.9881251310415
104	WGN15	46.2675189848492	15.1665909550766	98	16.169912838657	76.3651251310414
106	WGN15	43.2328765000009	10.6974196481653	98	22.0041953609973	64.4615576390045
107	WGN15	74.0455300000007	10.6974196481654	98	52.8168488609969	95.2742111390045
108	WGN15	44.1434989848494	15.1665909550763	98	14.0458928386579	74.241105131041
109	WGN15	82.1830989848492	15.1665909550761	98	52.0854928386581	112.28070513104
110	WGN15	31.3041459848493	15.1665909550763	98	1.20653983865767	61.4017521310409
111	WGN15	84.2090839848491	15.1665909550762	98	54.1114778386576	114.306690131041
112	WGN15	40.2872489848484	15.1665909550763	98	10.1896428386568	70.3848551310399
113	WGN15	29.6336989848493	15.1665909550762	98	-0.463907161342192	59.7313051310407
114	WGN15	55.3318300000009	10.6974196481654	98	34.1031488609972	76.5605111390046
115	WGN15	32.6367339848502	15.1665909550762	98	2.53912783865882	62.7343401310415
116	WGN15	41.3429539848492	15.1665909550764	98	11.2453478386573	71.4405601310412
117	WGN15	59.2407389848492	15.1665909550764	98	29.1431328386574	89.3383451310409
118	WGN15	28.5679189848483	15.1665909550764	98	-1.52968716134356	58.6655251310402
119	WGN15	82.7094659848499	15.1665909550764	98	52.6118598386581	112.807072131042
120	WGN15	76.1097089848495	15.1665909550764	98	46.0121028386578	106.207315131041
121	WGN15	26.1488189848491	15.1665909550764	98	-3.94878716134271	56.2464251310409
122	WGN15	61.6640789848493	15.1665909550761	98	31.566472838658	91.7616851310406
123	WGN15	72.1575689848496	15.1665909550761	98	42.0599628386584	102.255175131041
124	WGN15	32.0307489848489	15.1665909550763	98	1.93314283865736	62.1283551310404
125	WGN15	29.1755509848493	15.1665909550762	98	-0.922055161342094	59.2731571310407
126	WGN15	20.3975989848481	15.1665909550766	98	-9.70000716134405	50.4952051310403
127	WGN15	57.3393125000011	10.6974196481655	98	36.110631360997	78.5679936390052
128	WGN15	56.8511489848496	15.1665909550764	98	26.7535428386578	86.9487551310414
129	WGN15	22.0242589848489	15.1665909550764	98	-8.07334716134287	52.1218651310407
130	WGN15	51.6331439848494	15.1665909550762	98	21.535537838658	81.7307501310408
3	WGN26	22.0442089848487	15.1665909550762	98	-8.05339716134267	52.14181513104
4	WGN26	28.7794739848478	15.1665909550762	98	-1.31813216134363	58.8770801310393
5	WGN26	56.5000889848501	15.1665909550764	98	26.4024828386583	86.5976951310418
6	WGN26	31.0331539848495	15.1665909550763	98	0.935547838657772	61.1307601310412
7	WGN26	76.3556189848491	15.1665909550764	98	46.2580128386573	106.453225131041
8	WGN26	4.17899898484795	15.166590955076	98	-25.9186071613431	34.276605131039
9	WGN26	5.39809798484872	15.1665909550762	98	-24.6995081613426	35.4957041310401
10	WGN26	43.4343039848476	15.1665909550763	98	13.3366978386559	73.5319101310392
11	WGN26	50.3456189848481	15.1665909550763	98	20.2480128386564	80.4432251310397
12	WGN26	13.7120809848485	15.1665909550762	98	-16.3855251613429	43.8096871310399
13	WGN26	47.0765939848474	15.1665909550762	98	16.978987838656	77.1742001310387
14	WGN26	20.2773259848477	15.1665909550761	98	-9.82028016134345	50.3749321310388
15	WGN26	22.7394539848477	15.1665909550761	98	-7.35815216134362	52.8370601310389
17	WGN26	46.2030839848489	15.1665909550764	98	16.1054778386572	76.3006901310407
18	WGN26	26.0381989848481	15.1665909550761	98	-4.05940716134315	56.1358051310394
20	WGN26	7.38387898484825	15.1665909550764	98	-22.7137271613436	37.4814851310401
21	WGN26	35.6069989848483	15.1665909550763	98	5.50939283865661	65.70460513104
22	WGN26	35.323543984848	15.1665909550763	98	5.22593783865635	65.4211501310397
23	WGN26	47.3022889848479	15.1665909550762	98	17.2046828386564	77.3998951310394
25	WGN26	46.5811769848479	15.1665909550763	98	16.4835708386564	76.6787831310394
26	WGN26	49.510362984847	15.1665909550761	98	19.4127568386558	79.6079691310382
27	WGN26	19.0998829848478	15.1665909550761	98	-10.9977231613434	49.1974891310391
28	WGN26	45.2400689848475	15.1665909550762	98	15.1424628386561	75.3376751310389
29	WGN26	11.334593984848	15.1665909550763	98	-18.7630121613437	41.4322001310397
30	WGN26	34.2940189848479	15.1665909550761	98	4.19641283865671	64.3916251310391
31	WGN26	54.7190539848483	15.1665909550762	98	24.6214478386569	84.8166601310398
32	WGN26	18.3989779848483	15.1665909550763	98	-11.6986281613433	48.4965841310398
33	WGN26	18.6135089848473	15.1665909550763	98	-11.4840971613444	48.711115131039
34	WGN26	42.9120189848481	15.1665909550763	98	12.8144128386565	73.0096251310397
35	WGN26	48.6203189848491	15.1665909550766	98	18.5227128386568	78.7179251310413
36	WGN26	19.1067399999997	10.6974196481654	98	-2.12194113900398	40.3354211390034
38	WGN26	29.4315439848481	15.1665909550763	98	-0.666062161343422	59.5291501310397
39	WGN26	23.8826889848481	15.1665909550761	98	-6.21491716134321	53.9802951310394
40	WGN26	33.0564189848484	15.1665909550764	98	2.95881283865667	63.1540251310402
41	WGN26	1.52507001515175	15.1665909550764	98	-28.57253613104	31.6226761613435
42	WGN26	33.1784839848487	15.1665909550766	98	3.08087783865648	63.2760901310409
43	WGN26	29.3375589848483	15.1665909550761	98	-0.760047161342815	59.4351651310395
44	WGN26	48.5111839848484	15.1665909550762	98	18.4135778386571	78.6087901310397
45	WGN26	35.0334549999997	10.6974196481652	98	13.8047738609962	56.2621361390031
46	WGN26	43.0430829848481	15.1665909550761	98	12.9454768386569	73.1406891310394
47	WGN26	36.8165889848484	15.1665909550761	98	6.71898283865708	66.9141951310397
48	WGN26	60.5117289848491	15.1665909550766	98	30.414122838657	90.6093351310413
49	WGN26	44.3749589848476	15.1665909550762	98	14.2773528386561	74.4725651310391
50	WGN26	34.6888189848481	15.1665909550762	98	4.59121283865669	64.7864251310396
51	WGN26	15.5658289848482	15.1665909550763	98	-14.5317771613434	45.6634351310399
52	WGN26	63.9054269848482	15.1665909550763	98	33.8078208386566	94.0030331310399
53	WGN26	31.7299239848483	15.1665909550762	98	1.63231783865678	61.8275301310398
54	WGN26	25.5257329848471	15.1665909550763	98	-4.57187316134452	55.6233391310387
55	WGN26	17.5129699848472	15.1665909550764	98	-12.5846361613446	47.610576131039
56	WGN26	11.7379389848486	15.1665909550763	98	-18.359667161343	41.8355451310402
57	WGN26	104.173358984848	15.1665909550763	98	74.0757528386563	134.27096513104
58	WGN26	45.2694569848485	15.1665909550765	98	15.1718508386566	75.3670631310405
61	WGN26	44.9005189848479	15.1665909550763	98	14.8029128386564	74.9981251310395
62	WGN26	32.9656889848478	15.1665909550761	98	2.86808283865653	63.0632951310391
64	WGN26	35.8675189848471	15.1665909550758	98	5.76991283865652	65.9651251310377
65	WGN26	51.8165989848485	15.1665909550763	98	21.7189928386568	81.9142051310402
66	WGN26	38.1018389848481	15.166590955076	98	8.00423283865701	68.1994451310392
67	WGN26	22.3208289848485	15.1665909550765	98	-7.77677716134354	52.4184351310405
68	WGN26	59.682718984849	15.1665909550765	98	29.585112838657	89.780325131041
69	WGN26	63.0175939848477	15.166590955076	98	32.9199878386566	93.1152001310388
70	WGN26	31.5020139848478	15.1665909550762	98	1.40440783865644	61.5996201310392
71	WGN26	69.3941689848488	15.1665909550764	98	39.296562838657	99.4917751310407
73	WGN26	22.052218984848	15.1665909550763	98	-8.04538716134357	52.1498251310396
74	WGN26	28.7694689848486	15.1665909550763	98	-1.32813716134296	58.8670751310402
75	WGN26	48.3791189848485	15.1665909550762	98	18.2815128386571	78.4767251310399
76	WGN26	20.647313984848	15.1665909550765	98	-9.450292161344	50.7449201310399
77	WGN26	4.56163898484746	15.1665909550762	98	-25.535967161344	34.6592451310389
78	WGN26	13.7022389848478	15.1665909550763	98	-16.3953671613437	43.7998451310394
79	WGN26	36.715708984848	15.1665909550759	98	6.61810283865711	66.8133151310389
80	WGN26	43.9936189848475	15.1665909550761	98	13.8960128386562	74.0912251310388
81	WGN26	47.5476989848486	15.1665909550763	98	17.4500928386569	77.6453051310403
82	WGN26	58.9155489848478	15.1665909550762	98	28.8179428386562	89.0131551310393
83	WGN26	35.8291189848489	15.1665909550763	98	5.73151283865737	65.9267251310405
87	WGN26	53.2684675000003	10.6974196481653	98	32.0397863609967	74.4971486390039
88	WGN26	7.90931898484732	15.1665909550762	98	-22.1882871613442	38.0069251310388
89	WGN26	37.8344959848464	15.1665909550765	98	7.73688983865442	67.9321021310383
90	WGN26	40.661987984848	15.1665909550762	98	10.5643818386566	70.7595941310394
91	WGN26	33.6832069848483	15.1665909550764	98	3.58560083865648	63.78081313104
92	WGN26	11.0780589848478	15.1665909550763	98	-19.0195471613439	41.1756651310394
93	WGN26	39.0384249999998	10.6974196481652	98	17.8097438609964	60.2671061390033
94	WGN26	20.4354999999997	10.6974196481652	98	-0.793181139003657	41.6641811390031
95	WGN26	53.0292489848484	15.1665909550763	98	22.9316428386568	83.1268551310399
96	WGN26	9.27144298484774	15.1665909550762	98	-20.8261631613438	39.3690491310392
97	WGN26	37.7104289848485	15.1665909550765	98	7.61282283865662	67.8080351310405
98	WGN26	16.1118599848477	15.1665909550763	98	-13.9857461613439	46.2094661310393
99	WGN26	53.9486389848487	15.1665909550763	98	23.8510328386571	84.0462451310403
101	WGN26	14.6210839848481	15.1665909550764	98	-15.4765221613438	44.71869013104
102	WGN26	31.0410339848486	15.1665909550763	98	0.94342783865704	61.1386401310402
103	WGN26	17.395248984848	15.1665909550764	98	-12.7023571613439	47.4928551310398
104	WGN26	60.9673039848485	15.1665909550766	98	30.8696978386563	91.0649101310406
105	WGN26	56.882223984848	15.1665909550764	98	26.7846178386563	86.9798301310398
106	WGN26	48.0968675000001	10.6974196481654	98	26.8681863609962	69.3255486390039
108	WGN26	29.9713989848482	15.1665909550761	98	-0.126207161342982	60.0690051310394
109	WGN26	80.0389689848479	15.1665909550764	98	49.9413628386561	110.13657513104
111	WGN26	72.7006979848477	15.1665909550761	98	42.6030918386564	102.798304131039
112	WGN26	17.1852389848482	15.1665909550762	98	-12.9123671613433	47.2828451310398
113	WGN26	11.8504810151516	15.1665909550761	98	-18.2471251310397	41.9480871613429
115	WGN26	74.6613189848481	15.1665909550762	98	44.5637128386567	104.75892513104
116	WGN26	32.3888819848477	15.1665909550762	98	2.29127583865623	62.4864881310393
118	WGN26	50.5560514999996	10.6974196481652	98	29.3273703609962	71.784732639003
119	WGN26	37.9457559999996	10.6974196481652	98	16.7170748609961	59.1744371390031
121	WGN26	15.109103984848	15.1665909550763	98	-14.9885021613436	45.2067101310396
122	WGN26	10.1545639848483	15.1665909550761	98	-19.943042161343	40.2521701310395
125	WGN26	65.5261709848491	15.166590955076	98	35.428564838658	95.6237771310401
127	WGN26	26.4497289848476	15.1665909550761	98	-3.64787716134355	56.5473351310388
128	WGN26	17.258913984847	15.1665909550763	98	-12.8386921613446	47.3565201310385
130	WGN26	8.80859898484871	15.1665909550762	98	-21.2890071613427	38.9062051310401
1	WGN36	75.7988189848506	15.1665909550771	98	45.7012128386574	105.896425131044
2	WGN36	32.0810489848495	15.1665909550762	98	1.9834428386581	62.178655131041
4	WGN36	63.0139989848511	15.166590955076	98	32.91639283866	93.1116051310421
5	WGN36	35.3021439848497	15.1665909550761	98	5.20453783865847	65.3997501310409
6	WGN36	66.9360589848509	15.1665909550761	98	36.8384528386598	97.0336651310421
7	WGN36	120.60651898485	15.1665909550762	98	90.5089128386587	150.704125131042
8	WGN36	84.0712170000018	10.6974196481654	98	62.842535860998	105.299898139005
9	WGN36	53.49819398485	15.1665909550762	98	23.4005878386584	83.5958001310415
10	WGN36	41.8894405000013	10.6974196481653	98	20.6607593609977	63.1181216390048
11	WGN36	33.7684989848494	15.1665909550763	98	3.67089283865771	63.8661051310411
12	WGN36	59.9616189848505	15.1665909550762	98	29.8640128386592	90.0592251310419
14	WGN36	38.6639839848494	15.1665909550763	98	8.56637783865766	68.761590131041
15	WGN36	31.5030149848496	15.1665909550763	98	1.40540883865794	61.6006211310412
16	WGN36	37.1206439848501	15.1665909550762	98	7.02303783865854	67.2182501310416
17	WGN36	121.43647898485	15.1665909550762	98	91.3388728386586	151.534085131041
18	WGN36	35.4935089848502	15.1665909550762	98	5.39590283865877	65.5911151310415
19	WGN36	69.3465829848509	15.1665909550762	98	39.2489768386594	99.4441891310423
20	WGN36	29.4290689848498	15.1665909550762	98	-0.6685371613416	59.5266751310412
21	WGN36	83.2257200000017	10.6974196481651	98	61.9970388609985	104.454401139005
22	WGN36	50.6724189848494	15.1665909550764	98	20.5748128386576	80.7700251310413
23	WGN36	76.9513089848496	15.1665909550763	98	46.8537028386581	107.048915131041
24	WGN36	43.106674000001	10.6974196481654	98	21.8779928609972	64.3353551390048
26	WGN36	86.0450589848505	15.1665909550763	98	55.9474528386588	116.142665131042
27	WGN36	37.97961898485	15.1665909550762	98	7.88201283865858	68.0772251310414
28	WGN36	51.1975989848497	15.1665909550763	98	21.0999928386581	81.2952051310414
30	WGN36	60.2669689848498	15.1665909550764	98	30.169362838658	90.3645751310416
31	WGN36	62.0330389848506	15.1665909550762	98	31.9354328386592	92.1306451310419
32	WGN36	41.4141889848507	15.1665909550761	98	11.3165828386594	71.511795131042
33	WGN36	48.4189069848503	15.1665909550762	98	18.3213008386589	78.5165131310416
34	WGN36	36.45747798485	15.1665909550763	98	6.35987183865843	66.5550841310415
35	WGN36	27.0728689848512	15.1665909550761	98	-3.02473716134007	57.1704751310426
36	WGN36	62.8125889848494	15.1665909550763	98	32.7149828386579	92.910195131041
37	WGN36	49.81843598485	15.1665909550762	98	19.7208298386586	79.9160421310415
38	WGN36	12.548878984851	15.1665909550761	98	-17.5487271613402	42.6464851310423
39	WGN36	43.0517489848501	15.1665909550762	98	12.9541428386587	73.1493551310415
40	WGN36	65.8272939848506	15.1665909550761	98	35.7296878386594	95.9249001310417
41	WGN36	61.7951649848503	15.1665909550762	98	31.6975588386589	91.8927711310417
42	WGN36	36.7794529848511	15.1665909550761	98	6.68184683865991	66.8770591310423
43	WGN36	72.27984898485	15.1665909550762	98	42.1822428386585	102.377455131041
44	WGN36	74.2828389848501	15.1665909550764	98	44.1852328386584	104.380445131042
45	WGN36	40.1012339848495	15.1665909550763	98	10.0036278386579	70.198840131041
46	WGN36	31.8424289848505	15.1665909550762	98	1.74482283865907	61.9400351310419
47	WGN36	49.8301089848497	15.1665909550763	98	19.732502838658	79.9277151310414
48	WGN36	59.9497989848501	15.1665909550762	98	29.8521928386587	90.0474051310415
49	WGN36	65.4354439848508	15.1665909550762	98	35.3378378386595	95.5330501310422
51	WGN36	36.3320169848507	15.1665909550761	98	6.2344108386594	66.429623131042
52	WGN36	56.7771139848484	15.1665909550762	98	26.679507838657	86.8747201310397
53	WGN36	73.3056700000018	10.6974196481653	98	52.0769888609982	94.5343511390054
54	WGN36	54.2439499848495	15.1665909550764	98	24.1463438386576	84.3415561310413
55	WGN36	57.4941939848497	15.1665909550764	98	27.3965878386578	87.5918001310416
56	WGN36	32.6873489848493	15.1665909550763	98	2.58974283865761	62.784955131041
57	WGN36	65.79577398485	15.1665909550763	98	35.6981678386584	95.8933801310417
58	WGN36	66.9252439848496	15.1665909550762	98	36.8276378386581	97.022850131041
59	WGN36	61.7706689848502	15.1665909550764	98	31.6730628386584	91.868275131042
60	WGN36	55.6985389848497	15.1665909550763	98	25.6009328386581	85.7961451310413
62	WGN36	16.6910289848495	15.1665909550763	98	-13.4065771613421	46.7886351310412
64	WGN36	50.1942269848515	15.166590955076	98	20.0966208386605	80.2918331310424
65	WGN36	49.3147539848498	15.1665909550763	98	19.2171478386582	79.4123601310414
66	WGN36	79.2026089848496	15.1665909550762	98	49.1050028386582	109.300215131041
68	WGN36	35.9261939848503	15.1665909550762	98	5.82858783865891	66.0238001310417
69	WGN36	68.9274689848501	15.1665909550761	98	38.8298628386588	99.0250751310413
70	WGN36	16.3445149848509	15.1665909550762	98	-13.7530911613406	46.4421211310424
71	WGN36	43.2978189848497	15.1665909550762	98	13.2002128386582	73.3954251310412
72	WGN36	84.4345689848499	15.1665909550763	98	54.3369628386583	114.532175131042
74	WGN36	69.7447100000013	10.6974196481653	98	48.5160288609977	90.9733911390048
75	WGN36	35.6942989848501	15.1665909550765	98	5.59669283865811	65.7919051310421
76	WGN36	17.2673829848495	15.1665909550763	98	-12.8302231613422	47.3649891310412
77	WGN36	77.04345898485	15.1665909550763	98	46.9458528386583	107.141065131042
78	WGN36	39.50703198485	15.1665909550762	98	9.40942583865855	69.6046381310414
79	WGN36	50.1576039848502	15.1665909550761	98	20.059997838659	80.2552101310415
80	WGN36	31.1451789848493	15.1665909550764	98	1.04757283865749	61.2427851310412
81	WGN36	93.3255189848501	15.1665909550763	98	63.2279128386586	123.423125131042
82	WGN36	34.3712189848504	15.166590955076	98	4.27361283865926	64.4688251310415
83	WGN36	86.9366229848495	15.1665909550762	98	56.8390168386581	117.034229131041
84	WGN36	73.340873984852	15.1665909550761	98	43.2432678386608	103.438480131043
85	WGN36	40.7690189848507	15.1665909550762	98	10.6714128386593	70.866625131042
86	WGN36	21.6126539848507	15.1665909550762	98	-8.48495216134059	51.7102601310421
87	WGN36	33.9066789848502	15.1665909550762	98	3.80907283865873	64.0042851310417
88	WGN36	63.2597589848498	15.1665909550764	98	33.1621528386581	93.3573651310416
89	WGN36	31.9219689848499	15.1665909550762	98	1.82436283865842	62.0195751310413
90	WGN36	11.7559850000025	10.6974196481651	98	-9.47269613900067	32.9846661390057
92	WGN36	21.117526984851	15.1665909550761	98	-8.98007916134021	51.2151331310423
93	WGN36	33.6028789848502	15.1665909550761	98	3.50527283865887	63.7004851310415
94	WGN36	36.5550639848499	15.1665909550762	98	6.45745783865839	66.6526701310414
95	WGN36	71.6062665000016	10.6974196481653	98	50.3775853609979	92.8349476390053
96	WGN36	63.3523989848498	15.1665909550762	98	33.2547928386585	93.4500051310412
97	WGN36	89.1825019848498	15.1665909550762	98	59.0848958386583	119.280108131041
98	WGN36	68.3892789848499	15.1665909550764	98	38.291672838658	98.4868851310417
99	WGN36	15.3236769848507	15.1665909550763	98	-14.7739291613409	45.4212831310423
100	WGN36	50.3305709848502	15.1665909550762	98	20.2329648386587	80.4281771310416
102	WGN36	51.58437398485	15.1665909550762	98	21.4867678386587	81.6819801310414
104	WGN36	24.06592598485	15.1665909550763	98	-6.03168016134162	54.1635321310416
105	WGN36	69.9986839848501	15.1665909550762	98	39.9010778386586	100.096290131042
106	WGN36	49.2255189848498	15.1665909550764	98	19.127912838658	79.3231251310415
107	WGN36	23.1205989848495	15.1665909550763	98	-6.97700716134205	53.2182051310411
108	WGN36	38.9688239848506	15.1665909550761	98	8.87121783865944	69.0664301310417
109	WGN36	70.5361589848495	15.1665909550764	98	40.4385528386576	100.633765131041
110	WGN36	44.2794339848501	15.1665909550761	98	14.1818278386589	74.3770401310413
112	WGN36	56.9386139848501	15.1665909550762	98	26.8410078386587	87.0362201310414
114	WGN36	16.3224289848505	15.1665909550761	98	-13.7751771613408	46.4200351310418
116	WGN36	51.4441889848505	15.1665909550763	98	21.346582838659	81.5417951310421
117	WGN36	63.1131060151532	15.1665909550763	98	33.0154998689615	93.2107121613449
118	WGN36	50.2185189848498	15.1665909550763	98	20.1209128386583	80.3161251310414
119	WGN36	45.2600049848497	15.1665909550762	98	15.1623988386582	75.3576111310412
120	WGN36	65.2740709848493	15.1665909550767	98	35.176464838657	95.3716771310417
121	WGN36	47.2731889848504	15.166590955076	98	17.1755828386594	77.3707951310415
122	WGN36	52.2026875000032	10.6974196481652	98	30.9740063609998	73.4313686390065
123	WGN36	99.5607089848498	15.1665909550763	98	69.4631028386583	129.658315131041
124	WGN36	51.7866939848498	15.1665909550763	98	21.6890878386581	81.8843001310415
125	WGN36	114.313518984849	15.1665909550763	98	84.2159128386577	144.411125131041
126	WGN36	95.1890989848497	15.1665909550762	98	65.0914928386582	125.286705131041
127	WGN36	36.7094920000018	10.6974196481652	98	15.4808108609984	57.9381731390052
128	WGN36	42.0247389848502	15.1665909550762	98	11.9271328386588	72.1223451310416
129	WGN36	33.1490539848503	15.1665909550762	98	3.05144783865893	63.2466601310416
130	WGN36	35.0957369848493	15.1665909550764	98	4.99813083865756	65.1933431310411
1	WGN38	102.864858984849	15.1665909550764	98	72.7672528386566	132.96246513104
2	WGN38	74.3790639848513	15.1665909550761	98	44.28145783866	104.476670131043
3	WGN38	28.70869898485	15.1665909550762	98	-1.38890716134149	58.8063051310416
4	WGN38	40.3616800000027	10.6974196481652	98	19.1329988609992	61.5903611390062
5	WGN38	75.7715709848503	15.1665909550764	98	45.6739648386585	105.869177131042
6	WGN38	41.4785639848492	15.1665909550765	98	11.3809578386573	71.5761701310411
7	WGN38	57.8538139848511	15.1665909550762	98	27.7562078386597	87.9514201310425
8	WGN38	23.5937569848507	15.1665909550762	98	-6.50384916134069	53.6913631310421
10	WGN38	41.4920789848509	15.1665909550762	98	11.3944728386595	71.5896851310422
11	WGN38	80.3786189848512	15.1665909550762	98	50.2810128386599	110.476225131043
12	WGN38	57.2775189848501	15.1665909550763	98	27.1799128386586	87.3751251310417
13	WGN38	66.2385189848497	15.1665909550764	98	36.1409128386579	96.3361251310416
14	WGN38	55.791954984849	15.1665909550763	98	25.6943488386574	85.8895611310406
16	WGN38	27.4031189848524	15.1665909550761	98	-2.69448716133887	57.5007251310436
18	WGN38	52.9880489848502	15.1665909550763	98	22.8904428386586	83.0856551310419
19	WGN38	52.6839249848508	15.1665909550763	98	22.5863188386592	82.7815311310424
20	WGN38	54.4420289848501	15.1665909550763	98	24.3444228386583	84.5396351310418
21	WGN38	46.0208629848509	15.1665909550761	98	15.9232568386596	76.1184691310422
22	WGN38	28.7454489848505	15.1665909550762	98	-1.35215716134097	58.8430551310421
23	WGN38	57.6214789848506	15.1665909550761	98	27.5238728386593	87.7190851310419
24	WGN38	23.6750189848482	15.1665909550764	98	-6.42258716134357	53.7726251310401
26	WGN38	85.1881689848504	15.1665909550762	98	55.090562838659	115.285775131042
27	WGN38	28.3853169848507	15.1665909550763	98	-1.71228916134091	58.4829231310422
28	WGN38	66.8595689848505	15.1665909550762	98	36.761962838659	96.9571751310421
29	WGN38	52.1670289848517	15.1665909550761	98	22.0694228386605	82.2646351310429
30	WGN38	53.1300489848497	15.1665909550762	98	23.0324428386583	83.2276551310412
32	WGN38	90.1677189848503	15.1665909550761	98	60.070112838659	120.265325131042
33	WGN38	84.0164800000017	10.6974196481653	98	62.7877988609981	105.245161139005
34	WGN38	45.3946389848493	15.1665909550763	98	15.2970328386576	75.492245131041
35	WGN38	67.3612639848513	15.166590955076	98	37.2636578386602	97.4588701310423
36	WGN38	57.2411189848509	15.1665909550762	98	27.1435128386595	87.3387251310423
37	WGN38	53.6219989848505	15.1665909550763	98	23.5243928386589	83.719605131042
38	WGN38	42.0128789848525	15.1665909550761	98	11.9152728386613	72.1104851310436
39	WGN38	47.9650489848506	15.1665909550763	98	17.8674428386591	78.0626551310422
40	WGN38	72.5682189848505	15.1665909550762	98	42.4706128386592	102.665825131042
41	WGN38	77.9313289848504	15.1665909550762	98	47.8337228386589	108.028935131042
42	WGN38	34.8963369848505	15.1665909550763	98	4.7987308386589	64.993943131042
45	WGN38	51.9818689848497	15.1665909550764	98	21.8842628386578	82.0794751310415
46	WGN38	63.8109989848505	15.1665909550762	98	33.713392838659	93.9086051310421
47	WGN38	53.2005789848507	15.1665909550763	98	23.1029728386592	83.2981851310423
48	WGN38	52.986938984851	15.1665909550761	98	22.8893328386597	83.0845451310422
49	WGN38	69.6884549848492	15.1665909550765	98	39.5908488386571	99.7860611310412
50	WGN38	44.3283189848501	15.1665909550763	98	14.2307128386585	74.4259251310417
51	WGN38	31.1382089848487	15.1665909550764	98	1.04060283865699	61.2358151310405
52	WGN38	52.3121089848509	15.1665909550763	98	22.2145028386593	82.4097151310425
53	WGN38	67.8671269848501	15.1665909550762	98	37.7695208386586	97.9647331310415
54	WGN38	47.5335429848508	15.1665909550762	98	17.4359368386593	77.6311491310423
55	WGN38	6.66548398484925	15.1665909550763	98	-23.4321221613424	36.7630901310409
56	WGN38	35.8822439848512	15.1665909550761	98	5.78463783865988	65.9798501310425
59	WGN38	73.4709489848505	15.1665909550763	98	43.3733428386589	103.568555131042
61	WGN38	48.78679398485	15.1665909550763	98	18.6891878386583	78.8844001310416
63	WGN38	74.7343009848505	15.1665909550763	98	44.6366948386589	104.831907131042
64	WGN38	37.173484984849	15.1665909550765	98	7.07587883865708	67.271091131041
65	WGN38	62.2106569848513	15.1665909550761	98	32.11305083866	92.3082631310425
66	WGN38	13.89927498485	15.1665909550763	98	-16.1983311613417	43.9968811310417
67	WGN38	69.6695789848505	15.1665909550764	98	39.5719728386587	99.7671851310422
68	WGN38	34.6232450000019	10.6974196481653	98	13.3945638609983	55.8519261390056
69	WGN38	79.0818189848506	15.1665909550763	98	48.9842128386589	109.179425131042
70	WGN38	45.5161189848506	15.1665909550763	98	15.4185128386589	75.6137251310423
72	WGN38	36.54647898485	15.1665909550764	98	6.44887283865823	66.6440851310418
73	WGN38	81.7025389848504	15.1665909550764	98	51.6049328386587	111.800145131042
74	WGN38	47.070658984851	15.1665909550762	98	16.9730528386594	77.1682651310425
76	WGN38	52.9230989848517	15.166590955076	98	22.8254928386607	83.0207051310428
77	WGN38	94.9009439848503	15.1665909550762	98	64.803337838659	124.998550131042
78	WGN38	49.5948745000023	10.6974196481653	98	28.3661933609987	70.8235556390058
80	WGN38	45.5793589848508	15.1665909550763	98	15.4817528386593	75.6769651310424
81	WGN38	32.6196829848509	15.1665909550763	98	2.52207683865933	62.7172891310425
82	WGN38	72.1897589848508	15.1665909550761	98	42.0921528386596	102.287365131042
83	WGN38	78.2474989848506	15.1665909550764	98	48.1498928386589	108.345105131042
84	WGN38	80.0333749848501	15.1665909550763	98	49.9357688386585	110.130981131042
85	WGN38	48.9630000000015	10.6974196481653	98	27.734318860998	70.1916811390051
86	WGN38	41.1233589848505	15.1665909550763	98	11.0257528386589	71.220965131042
87	WGN38	52.8449739848505	15.1665909550763	98	22.7473678386589	82.9425801310421
88	WGN38	33.8876209848508	15.1665909550762	98	3.7900148386594	63.9852271310421
89	WGN38	61.8850589848503	15.1665909550763	98	31.7874528386588	91.9826651310419
90	WGN38	91.854924500002	10.6974196481652	98	70.6262433609985	113.083605639006
91	WGN38	64.18074898485	15.1665909550762	98	34.0831428386585	94.2783551310414
92	WGN38	114.85694398485	15.1665909550762	98	84.7593378386588	144.954550131042
93	WGN38	44.4329669848505	15.1665909550762	98	14.335360838659	74.530573131042
94	WGN38	96.3967939848506	15.1665909550765	98	66.2991878386586	126.494400131043
95	WGN38	41.74743898485	15.1665909550764	98	11.6498328386582	71.8450451310417
96	WGN38	63.14432898485	15.1665909550763	98	33.0467228386583	93.2419351310417
97	WGN38	49.8554189848504	15.1665909550763	98	19.7578128386588	79.9530251310419
98	WGN38	126.510998984851	15.1665909550764	98	96.4133928386593	156.608605131043
99	WGN38	54.7740739848511	15.1665909550762	98	24.6764678386597	84.8716801310425
100	WGN38	79.57592398485	15.1665909550764	98	49.4783178386582	109.673530131042
101	WGN38	32.0697439848503	15.1665909550763	98	1.97213783865871	62.1673501310419
102	WGN38	32.9937789848505	15.1665909550763	98	2.8961728386589	63.091385131042
103	WGN38	57.3927989848508	15.1665909550762	98	27.2951928386595	87.4904051310421
104	WGN38	107.721566000002	10.6974196481652	98	86.492884860999	128.950247139006
106	WGN38	79.6416969848505	15.1665909550763	98	49.5440908386588	109.739303131042
107	WGN38	102.406984984851	15.1665909550764	98	72.3093788386591	132.504591131043
110	WGN38	75.1059430000021	10.6974196481653	98	53.8772618609984	96.3346241390057
111	WGN38	29.2891189848508	15.1665909550763	98	-0.80848716134086	59.3867251310424
112	WGN38	85.2875189848499	15.1665909550763	98	55.1899128386583	115.385125131041
113	WGN38	46.4832989848505	15.1665909550763	98	16.3856928386589	76.5809051310421
114	WGN38	77.6462239848502	15.1665909550764	98	47.5486178386584	107.743830131042
115	WGN38	63.4706689848506	15.1665909550763	98	33.373062838659	93.5682751310422
1	WGN39	42.5398589848479	15.1665909550767	98	12.4422528386555	72.6374651310404
2	WGN39	44.9645589848488	15.1665909550763	98	14.8669528386572	75.0621651310403
3	WGN39	49.5639589848483	15.1665909550763	98	19.4663528386566	79.6615651310399
4	WGN39	69.5431489848483	15.166590955076	98	39.4455428386573	99.6407551310394
5	WGN39	113.984558984848	15.1665909550762	98	83.8869528386563	144.082165131039
6	WGN39	62.781243984849	15.1665909550766	98	32.6836378386568	92.8788501310412
7	WGN39	59.7917525000003	10.6974196481652	98	38.5630713609968	81.0204336390038
8	WGN39	87.8007039848488	15.1665909550763	98	57.7030978386571	117.89831013104
9	WGN39	72.245268984848	15.1665909550764	98	42.1476628386562	102.34287513104
10	WGN39	41.0020189848485	15.1665909550763	98	10.9044128386568	71.0996251310401
11	WGN39	40.3994139848481	15.1665909550762	98	10.3018078386567	70.4970201310396
12	WGN39	67.8964474999998	10.6974196481652	98	46.6677663609965	89.1251286390032
13	WGN39	37.8944349848485	15.166590955076	98	7.79682883865738	67.9920411310396
14	WGN39	19.8833749848489	15.1665909550763	98	-10.2142311613427	49.9809811310406
15	WGN39	60.2137389848485	15.1665909550763	98	30.1161328386569	90.3113451310401
16	WGN39	88.5932689848479	15.1665909550761	98	58.4956628386566	118.690875131039
17	WGN39	65.4711989848488	15.1665909550764	98	35.373592838657	95.5688051310405
18	WGN39	52.6902639848483	15.1665909550761	98	22.592657838657	82.7878701310396
19	WGN39	112.665218984849	15.1665909550763	98	82.567612838657	142.76282513104
20	WGN39	87.0609389848481	15.1665909550761	98	56.9633328386569	117.158545131039
21	WGN39	35.7615989848485	15.1665909550762	98	5.66399283865706	65.8592051310399
22	WGN39	62.6571589848485	15.1665909550765	98	32.5595528386565	92.7547651310404
24	WGN39	57.8092189848492	15.1665909550764	98	27.7116128386573	87.9068251310411
25	WGN39	51.5140289848494	15.1665909550764	98	21.4164228386577	81.6116351310412
26	WGN39	63.0701589848481	15.1665909550762	98	32.9725528386566	93.1677651310396
27	WGN39	67.3382839848482	15.1665909550763	98	37.2406778386567	97.4358901310398
28	WGN39	13.8548189848492	15.1665909550761	98	-16.242787161342	43.9524251310405
29	WGN39	33.1338389848483	15.1665909550761	98	3.03623283865706	63.2314451310396
30	WGN39	81.9839589848493	15.1665909550764	98	51.8863528386574	112.081565131041
31	WGN39	57.4566689848488	15.1665909550764	98	27.3590628386569	87.5542751310406
32	WGN39	73.9980989848486	15.1665909550763	98	43.9004928386569	104.09570513104
34	WGN39	52.4600939848487	15.1665909550765	98	22.3624878386567	82.5577001310406
35	WGN39	70.1729739848484	15.1665909550763	98	40.0753678386568	100.27058013104
36	WGN39	38.5484289848493	15.1665909550762	98	8.45082283865776	68.6460351310407
37	WGN39	43.8473989848484	15.1665909550763	98	13.7497928386568	73.94500513104
38	WGN39	32.4357939848486	15.1665909550764	98	2.33818783865685	62.5334001310404
39	WGN39	94.8297189848481	15.1665909550763	98	64.7321128386565	124.92732513104
40	WGN39	67.8794389848482	15.1665909550762	98	37.7818328386568	97.9770451310395
41	WGN39	78.7225289848478	15.1665909550762	98	48.6249228386563	108.820135131039
42	WGN39	37.3807439848485	15.1665909550762	98	7.28313783865714	67.4783501310399
43	WGN39	126.229633984846	15.1665909550761	98	96.1320278386551	156.327240131038
44	WGN39	35.2458389848484	15.1665909550764	98	5.1482328386565	65.3434451310403
45	WGN39	66.687518984848	15.1665909550762	98	36.5899128386565	96.7851251310394
46	WGN39	69.9911989848483	15.1665909550762	98	39.8935928386569	100.08880513104
47	WGN39	82.4804589848483	15.1665909550763	98	52.3828528386567	112.57806513104
48	WGN39	12.1034339848484	15.1665909550763	98	-17.9941721613433	42.2010401310401
49	WGN39	68.9138889848486	15.1665909550763	98	38.816282838657	99.0114951310401
50	WGN39	52.7798789848485	15.1665909550762	98	22.6822728386571	82.87748513104
51	WGN39	40.344958984848	15.1665909550763	98	10.2473528386563	70.4425651310397
52	WGN39	77.1133789848478	15.1665909550762	98	47.0157728386563	107.210985131039
53	WGN39	29.9413789848482	15.1665909550764	98	-0.156227161343558	60.0389851310399
54	WGN39	42.5763989848484	15.1665909550764	98	12.4787928386567	72.6740051310402
55	WGN39	81.6421749999995	10.6974196481652	98	60.4134938609961	102.870856139003
56	WGN39	69.9676689848491	15.1665909550763	98	39.8700628386574	100.065275131041
57	WGN39	76.7631379999994	10.6974196481652	98	55.534456860996	97.9918191390028
58	WGN39	123.52738898485	15.1665909550764	98	93.4297828386585	153.624995131042
59	WGN39	58.5565589848486	15.1665909550763	98	28.458952838657	88.6541651310403
60	WGN39	82.5836439848492	15.1665909550764	98	52.4860378386574	112.681250131041
61	WGN39	126.606558984849	15.1665909550764	98	96.5089528386574	156.704165131041
62	WGN39	41.2170389848483	15.1665909550762	98	11.1194328386567	71.3146451310398
63	WGN39	52.1382739848483	15.1665909550763	98	22.0406678386567	82.2358801310399
64	WGN39	78.2699189848486	15.1665909550763	98	48.1723128386569	108.36752513104
65	WGN39	52.5988589848485	15.1665909550763	98	22.5012528386569	82.6964651310401
66	WGN39	49.4824189848485	15.1665909550762	98	19.384812838657	79.58002513104
67	WGN39	74.2919600000003	10.6974196481653	98	53.0632788609968	95.5206411390039
68	WGN39	77.4787189848486	15.1665909550763	98	47.381112838657	107.57632513104
69	WGN39	77.9132439848486	15.1665909550763	98	47.8156378386569	108.01085013104
70	WGN39	40.9090189848486	15.1665909550762	98	10.8114128386571	71.00662513104
71	WGN39	84.8748189848482	15.1665909550763	98	54.7772128386567	114.97242513104
72	WGN39	55.4248939848485	15.1665909550762	98	25.3272878386571	85.52250013104
73	WGN39	79.9856989848483	15.1665909550762	98	49.8880928386568	110.08330513104
75	WGN39	71.2688339848481	15.1665909550762	98	41.1712278386568	101.36644013104
76	WGN39	59.3045939848483	15.1665909550763	98	29.2069878386567	89.4022001310398
77	WGN39	39.8016389848486	15.1665909550763	98	9.70403283865711	69.8992451310402
78	WGN39	61.1762989848488	15.1665909550764	98	31.0786928386571	91.2739051310406
79	WGN39	130.477848984848	15.1665909550762	98	100.380242838656	160.575455131039
80	WGN39	40.8874529848484	15.1665909550764	98	10.7898468386567	70.9850591310402
81	WGN39	15.620858984849	15.1665909550764	98	-14.4767471613427	45.7184651310407
82	WGN39	58.3441089848481	15.1665909550762	98	28.2465028386567	88.4417151310395
83	WGN39	86.4986689848488	15.1665909550763	98	56.4010628386571	116.596275131041
84	WGN39	87.5128149999998	10.6974196481653	98	66.2841338609963	108.741496139003
85	WGN39	48.8180239848485	15.1665909550762	98	18.720417838657	78.9156301310399
86	WGN39	65.8780769848487	15.1665909550762	98	35.7804708386572	95.9756831310401
87	WGN39	72.7049289848485	15.1665909550763	98	42.6073228386569	102.80253513104
88	WGN39	49.4461289848486	15.1665909550763	98	19.348522838657	79.5437351310402
89	WGN39	67.8659689848487	15.1665909550764	98	37.768362838657	97.9635751310404
90	WGN39	67.195813984849	15.1665909550764	98	37.0982078386573	97.2934201310408
91	WGN39	23.8690289848484	15.1665909550764	98	-6.22857716134339	53.9666351310402
92	WGN39	60.6117369848483	15.1665909550762	98	30.5141308386568	90.7093431310397
93	WGN39	66.9429189848485	15.1665909550763	98	36.8453128386569	97.04052513104
95	WGN39	96.243038984848	15.1665909550761	98	66.1454328386567	126.340645131039
96	WGN39	58.9461689848487	15.1665909550763	98	28.848562838657	89.0437751310404
97	WGN39	55.8323989848485	15.1665909550762	98	25.734792838657	85.93000513104
98	WGN39	68.3188389848485	15.1665909550763	98	38.2212328386569	98.4164451310402
99	WGN39	59.4504589848485	15.1665909550763	98	29.3528528386569	89.5480651310401
100	WGN39	54.6098139848485	15.1665909550763	98	24.5122078386569	84.70742013104
101	WGN39	49.4845789848482	15.1665909550762	98	19.3869728386568	79.5821851310396
102	WGN39	60.5778789848484	15.1665909550762	98	30.4802728386569	90.6754851310399
104	WGN39	84.9081439848483	15.1665909550762	98	54.8105378386569	115.00575013104
105	WGN39	64.4883639848485	15.1665909550763	98	34.3907578386568	94.5859701310402
106	WGN39	106.820382984847	15.1665909550762	98	76.722776838656	136.917989131039
107	WGN39	46.4643589848487	15.1665909550763	98	16.3667528386571	76.5619651310403
108	WGN39	52.5507189848483	15.1665909550763	98	22.4531128386566	82.6483251310399
109	WGN39	70.6872189848485	15.1665909550763	98	40.5896128386569	100.78482513104
110	WGN39	44.9692169999999	10.6974196481652	98	23.7405358609965	66.1978981390034
111	WGN39	61.4285139848486	15.1665909550763	98	31.330907838657	91.5261201310402
112	WGN39	72.5867889848482	15.1665909550762	98	42.4891828386567	102.68439513104
113	WGN39	45.5291289848485	15.1665909550762	98	15.4315228386571	75.62673513104
114	WGN39	51.1882239848483	15.1665909550763	98	21.0906178386567	81.2858301310399
115	WGN39	92.9876839848486	15.1665909550763	98	62.8900778386569	123.08529013104
116	WGN39	63.5449389848485	15.1665909550763	98	33.447332838657	93.64254513104
117	WGN39	66.8350989848486	15.1665909550763	98	36.7374928386569	96.9327051310404
118	WGN39	66.2119569848489	15.1665909550763	98	36.1143508386571	96.3095631310406
120	WGN39	57.1345350000002	10.6974196481653	98	35.9058538609966	78.3632161390038
121	WGN39	49.1601789848486	15.1665909550763	98	19.062572838657	79.2577851310402
122	WGN39	36.8165889848485	15.1665909550763	98	6.71898283865695	66.9141951310401
123	WGN39	111.182495	10.6974196481652	98	89.9538138609964	132.411176139003
125	WGN39	47.8498939848484	15.1665909550763	98	17.7522878386568	77.94750013104
126	WGN39	55.3503189848484	15.1665909550763	98	25.2527128386568	85.4479251310399
127	WGN39	39.6201689848487	15.1665909550761	98	9.52256283865745	69.7177751310399
129	WGN39	82.6129989848481	15.1665909550762	98	52.5153928386567	112.71060513104
130	WGN39	65.1490889848483	15.1665909550762	98	35.0514828386568	95.2466951310398
1	WGN45	49.0216449999999	10.6974196481653	98	27.7929638609964	70.2503261390035
2	WGN45	85.0381989848479	15.1665909550762	98	54.9405928386564	115.135805131039
3	WGN45	24.2080889848486	15.1665909550762	98	-5.88951716134286	54.3056951310401
4	WGN45	64.5311589848484	15.1665909550763	98	34.4335528386569	94.62876513104
5	WGN45	17.5746989848479	15.1665909550764	98	-12.5229071613439	47.6723051310397
6	WGN45	60.7208789848472	15.1665909550762	98	30.6232728386558	90.8184851310387
7	WGN45	53.570758984848	15.1665909550762	98	23.4731528386567	83.6683651310394
8	WGN45	46.1105489848479	15.1665909550763	98	16.0129428386563	76.2081551310395
9	WGN45	43.5425009848477	15.1665909550763	98	13.4448948386561	73.6401071310393
10	WGN45	29.6463989848479	15.1665909550763	98	-0.451207161343792	59.7440051310395
11	WGN45	31.2275909848478	15.1665909550762	98	1.12998483865637	61.3251971310393
12	WGN45	64.6916809848484	15.1665909550762	98	34.5940748386569	94.7892871310399
13	WGN45	79.6603269848486	15.1665909550764	98	49.5627208386568	109.75793313104
14	WGN45	49.8197749848476	15.1665909550763	98	19.722168838656	79.9173811310392
15	WGN45	7.27395798484803	15.1665909550763	98	-22.8236481613435	37.3715641310396
16	WGN45	64.5799289848478	15.1665909550762	98	34.4823228386564	94.6775351310392
17	WGN45	6.77975499999905	10.6974196481654	98	-14.4489261390047	28.0084361390028
19	WGN45	27.6492089848482	15.1665909550763	98	-2.44839716134334	57.7468151310397
20	WGN45	95.6150789848481	15.1665909550763	98	65.5174728386565	125.71268513104
22	WGN45	34.5427859848479	15.1665909550763	98	4.44517983865622	64.6403921310396
23	WGN45	36.6710939848479	15.1665909550763	98	6.57348783865621	66.7687001310395
28	WGN45	10.8785089848474	15.1665909550763	98	-19.2190971613443	40.9761151310391
31	WGN45	42.159139984848	15.1665909550764	98	12.0615338386563	72.2567461310398
32	WGN45	48.6030149999996	10.6974196481653	98	27.374333860996	69.8316961390032
33	WGN45	7.83645499999954	10.6974196481653	98	-13.392226139004	29.0651361390031
34	WGN45	24.7468839848477	15.1665909550763	98	-5.350722161344	54.8444901310394
35	WGN45	46.8284739848491	15.1665909550761	98	16.7308678386578	76.9260801310403
36	WGN45	42.1976789848473	15.1665909550764	98	12.1000728386555	72.2952851310392
37	WGN45	63.4651509848482	15.1665909550764	98	33.3675448386564	93.56275713104
40	WGN45	48.4156839848485	15.1665909550762	98	18.318077838657	78.51329013104
41	WGN45	62.2195189848482	15.1665909550763	98	32.1219128386566	92.3171251310398
42	WGN45	42.9951039848484	15.1665909550762	98	12.897497838657	73.0927101310398
43	WGN45	30.8684569848478	15.1665909550763	98	0.770850838656244	60.9660631310394
44	WGN45	21.080718984847	15.1665909550764	98	-9.01688716134477	51.1783251310388
45	WGN45	28.473373984848	15.1665909550762	98	-1.62423216134356	58.5709801310395
46	WGN45	8.25733098484815	15.1665909550762	98	-21.8402751613433	38.3549371310396
49	WGN45	47.9227489848479	15.1665909550763	98	17.8251428386562	78.0203551310397
50	WGN45	2.92049498484829	15.1665909550762	98	-27.1771111613432	33.0181011310398
54	WGN45	29.807558984848	15.1665909550762	98	-0.290047161343537	59.9051651310395
55	WGN45	63.469230984848	15.1665909550762	98	33.3716248386566	93.5668371310394
56	WGN45	61.921768984848	15.1665909550763	98	31.8241628386564	92.0193751310395
57	WGN45	44.1367539848479	15.1665909550763	98	14.0391478386564	74.2343601310394
58	WGN45	27.2830789848473	15.1665909550764	98	-2.81452716134448	57.3806851310392
59	WGN45	18.0820269848479	15.1665909550763	98	-12.0155791613437	48.1796331310394
61	WGN45	42.8961189848475	15.1665909550762	98	12.798512838656	72.993725131039
62	WGN45	52.6460189848481	15.1665909550762	98	22.5484128386566	82.7436251310395
64	WGN45	27.2669389848483	15.1665909550762	98	-2.83066716134316	57.3645451310398
65	WGN45	14.3019439848482	15.1665909550762	98	-15.7956621613433	44.3995501310397
66	WGN45	45.7401449999994	10.6974196481653	98	24.5114638609958	66.968826139003
68	WGN45	69.676308984848	15.1665909550763	98	39.5787028386564	99.7739151310395
69	WGN45	63.540130984848	15.1665909550763	98	33.4425248386564	93.6377371310397
70	WGN45	38.6228789848481	15.1665909550763	98	8.52527283865644	68.7204851310398
71	WGN45	67.7647889848481	15.1665909550763	98	37.6671828386566	97.8623951310397
72	WGN45	55.2906709999998	10.6974196481653	98	34.0619898609961	76.5193521390035
73	WGN45	7.06482101515064	15.1665909550763	98	-23.032785131041	37.1624271613423
74	WGN45	38.123178984848	15.1665909550762	98	8.02557283865658	68.2207851310394
75	WGN45	51.3806189848481	15.1665909550763	98	21.2830128386565	81.4782251310397
76	WGN45	68.5776439848479	15.1665909550763	98	38.4800378386563	98.6752501310395
78	WGN45	5.12348798484861	15.1665909550762	98	-24.9741181613428	35.22109413104
80	WGN45	33.5243689848481	15.1665909550762	98	3.42676283865657	63.6219751310396
81	WGN45	37.311578984848	15.1665909550763	98	7.21397283865629	67.4091851310397
84	WGN45	66.823128984848	15.1665909550762	98	36.7255228386565	96.9207351310395
85	WGN45	103.866023984848	15.1665909550762	98	73.7684178386562	133.963630131039
86	WGN45	46.5978289848479	15.1665909550762	98	16.5002228386564	76.6954351310394
88	WGN45	33.3515139848479	15.1665909550763	98	3.25390783865631	63.4491201310395
89	WGN45	54.1103189848482	15.1665909550763	98	24.0127128386566	84.2079251310399
90	WGN45	34.577993984848	15.1665909550763	98	4.48038783865641	64.6756001310395
92	WGN45	66.8940489848477	15.1665909550763	98	36.7964428386562	96.9916551310393
94	WGN45	23.0734709848481	15.1665909550762	98	-7.0241351613433	53.1710771310396
95	WGN45	35.1870239848482	15.1665909550763	98	5.08941783865662	65.2846301310398
98	WGN45	23.4376589848481	15.1665909550763	98	-6.65994716134349	53.5352651310396
99	WGN45	8.76189898484837	15.1665909550762	98	-21.3357071613431	38.8595051310399
100	WGN45	37.3903439848481	15.1665909550763	98	7.29273783865651	67.4879501310398
101	WGN45	65.645968984848	15.1665909550762	98	35.5483628386565	95.7435751310395
102	WGN45	94.450698984848	15.1665909550762	98	64.3530928386565	124.548305131039
103	WGN45	76.675669984848	15.1665909550763	98	46.5780638386564	106.77327613104
104	WGN45	52.723688984848	15.1665909550762	98	22.6260828386565	82.8212951310394
105	WGN45	55.5831789848478	15.1665909550762	98	25.4855728386563	85.6807851310393
106	WGN45	45.4824829848481	15.1665909550762	98	15.3848768386567	75.5800891310396
107	WGN45	75.0998924999996	10.6974196481653	98	53.871211360996	96.3285736390031
108	WGN45	35.1316339848481	15.1665909550763	98	5.03402783865654	65.2292401310397
109	WGN45	71.5333689848482	15.1665909550763	98	41.4357628386566	101.63097513104
110	WGN45	73.186738984848	15.1665909550762	98	43.0891328386565	103.28434513104
111	WGN45	15.0662789848479	15.1665909550763	98	-15.0313271613438	45.1638851310396
112	WGN45	1.69251898484775	15.1665909550763	98	-28.4050871613439	31.7901251310394
114	WGN45	70.1233379848481	15.1665909550762	98	40.0257318386566	100.22094413104
116	WGN45	47.5108189848481	15.1665909550763	98	17.4132128386565	77.6084251310397
118	WGN45	43.4175589848479	15.1665909550763	98	13.3199528386563	73.5151651310395
119	WGN45	56.2873989848483	15.1665909550762	98	26.1897928386568	86.3850051310397
120	WGN45	52.1160939848481	15.1665909550762	98	22.0184878386566	82.2137001310395
121	WGN45	39.6834239848481	15.1665909550763	98	9.58581783865649	69.7810301310396
123	WGN45	52.4437379848479	15.1665909550763	98	22.3461318386564	82.5413441310395
124	WGN45	58.1164689848481	15.1665909550763	98	28.0188628386565	88.2140751310397
126	WGN45	69.1184449999997	10.6974196481653	98	47.8897638609961	90.3471261390032
127	WGN45	54.5413439848476	15.1665909550762	98	24.4437378386561	84.638950131039
128	WGN45	47.1622699999998	10.6974196481653	98	25.9335888609962	68.3909511390034
129	WGN45	24.5544559848483	15.1665909550762	98	-5.54315016134299	54.6520621310397
1	WGN46	84.0438669848481	15.166590955076	98	53.946260838657	114.141473131039
2	WGN46	51.4714619848478	15.1665909550763	98	21.3738558386561	81.5690681310394
3	WGN46	52.2267089848478	15.1665909550763	98	22.1291028386562	82.3243151310394
4	WGN46	57.6285189848474	15.1665909550764	98	27.5309128386556	87.7261251310392
6	WGN46	68.445423984848	15.1665909550761	98	38.3478178386567	98.5430301310392
7	WGN46	92.5189339848476	15.1665909550763	98	62.4213278386559	122.616540131039
8	WGN46	86.4825289848472	15.1665909550764	98	56.3849228386554	116.580135131039
9	WGN46	51.3599489848474	15.1665909550763	98	21.2623428386559	81.457555131039
10	WGN46	34.5660979848485	15.1665909550761	98	4.46849183865729	64.6637041310398
11	WGN46	73.5294569999987	10.6974196481652	98	52.3007758609952	94.7581381390022
12	WGN46	43.7565189848471	15.1665909550763	98	13.6589128386554	73.8541251310388
13	WGN46	70.4548239848482	15.1665909550763	98	40.3572178386565	100.55243013104
14	WGN46	45.8543869848471	15.1665909550763	98	15.7567808386554	75.9519931310388
15	WGN46	59.1728039848477	15.1665909550763	98	29.075197838656	89.2704101310394
16	WGN46	47.3661189848475	15.1665909550762	98	17.2685128386562	77.4637251310389
18	WGN46	45.875418984847	15.1665909550763	98	15.7778128386553	75.9730251310387
19	WGN46	69.8165439848476	15.1665909550764	98	39.7189378386559	99.9141501310393
20	WGN46	46.3215189848476	15.1665909550762	98	16.2239128386561	76.4191251310391
22	WGN46	43.5099389848472	15.1665909550763	98	13.4123328386555	73.6075451310389
23	WGN46	59.6010939848479	15.1665909550762	98	29.5034878386564	89.6987001310394
24	WGN46	61.1507014999994	10.6974196481652	98	39.922020360996	82.3793826390028
26	WGN46	83.5596839848477	15.1665909550761	98	53.4620778386565	113.657290131039
27	WGN46	52.3443489848476	15.1665909550763	98	22.246742838656	82.4419551310392
28	WGN46	32.5520239848472	15.1665909550763	98	2.45441783865568	62.6496301310388
29	WGN46	59.0790589848476	15.1665909550762	98	28.9814528386561	89.176665131039
30	WGN46	67.5730119848476	15.1665909550762	98	37.4754058386561	97.670618131039
31	WGN46	70.6498539848473	15.1665909550763	98	40.5522478386557	100.747460131039
32	WGN46	123.386048984847	15.1665909550763	98	93.2884428386551	153.483655131038
33	WGN46	105.293573984848	15.1665909550763	98	75.195967838656	135.391180131039
34	WGN46	62.8562389848468	15.1665909550762	98	32.7586328386553	92.9538451310382
36	WGN46	66.1553669848471	15.1665909550763	98	36.0577608386554	96.2529731310388
37	WGN46	81.3990869999993	10.6974196481653	98	60.1704058609957	102.627768139003
38	WGN46	72.1931229848473	15.1665909550763	98	42.0955168386557	102.290729131039
39	WGN46	28.9272239848481	15.1665909550762	98	-1.17038216134335	59.0248301310396
40	WGN46	46.2297339848474	15.1665909550763	98	16.1321278386557	76.3273401310391
41	WGN46	36.314723984847	15.1665909550763	98	6.21711783865536	66.4123301310387
42	WGN46	50.1105569848478	15.1665909550762	98	20.0129508386563	80.2081631310393
43	WGN46	15.6783489848474	15.1665909550763	98	-14.4192571613442	45.7759551310391
44	WGN46	41.827768984848	15.1665909550762	98	11.7301628386566	71.9253751310394
45	WGN46	56.5746189848474	15.1665909550763	98	26.4770128386558	86.672225131039
46	WGN46	65.7112124999991	10.6974196481652	98	44.4825313609957	86.9398936390026
47	WGN46	64.9568439848471	15.1665909550763	98	34.8592378386554	95.0544501310387
48	WGN46	94.889302984848	15.1665909550763	98	64.7916968386564	124.98690913104
49	WGN46	78.9097389848471	15.1665909550763	98	48.8121328386555	109.007345131039
50	WGN46	95.0534489848475	15.1665909550763	98	64.9558428386559	125.151055131039
51	WGN46	36.102868984847	15.1665909550763	98	6.00526283865531	66.2004751310387
52	WGN46	67.689660984847	15.1665909550764	98	37.5920548386552	97.7872671310388
53	WGN46	88.8996979999989	10.6974196481653	98	67.6710168609953	110.128379139003
54	WGN46	70.6813739848471	15.1665909550764	98	40.5837678386553	100.778980131039
55	WGN46	65.2602389848477	15.1665909550762	98	35.1626328386563	95.3578451310391
56	WGN46	49.596338984847	15.1665909550763	98	19.4987328386553	79.6939451310387
57	WGN46	66.6537779848476	15.1665909550763	98	36.556171838656	96.7513841310391
58	WGN46	89.0295189848475	15.1665909550762	98	58.931912838656	119.127125131039
59	WGN46	76.2535189848475	15.1665909550763	98	46.1559128386559	106.351125131039
60	WGN46	69.4463749848475	15.1665909550763	98	39.3487688386559	99.543981131039
61	WGN46	68.9418929848473	15.1665909550763	98	38.8442868386556	99.0394991310389
62	WGN46	74.3517994999992	10.6974196481652	98	53.1231183609957	95.5804806390026
63	WGN46	76.0120149848482	15.1665909550762	98	45.9144088386568	106.10962113104
64	WGN46	46.4984259848471	15.1665909550763	98	16.4008198386556	76.5960321310386
65	WGN46	65.4020539848473	15.1665909550764	98	35.3044478386556	95.499660131039
66	WGN46	62.8814589848479	15.1665909550762	98	32.7838528386564	92.9790651310393
67	WGN46	93.7743639848473	15.1665909550763	98	63.6767578386557	123.871970131039
68	WGN46	45.2141989848478	15.1665909550763	98	15.1165928386563	75.3118051310394
69	WGN46	60.4078239848478	15.1665909550762	98	30.3102178386564	90.5054301310392
70	WGN46	90.0668939848474	15.1665909550762	98	59.9692878386559	120.164500131039
71	WGN46	74.8046369848476	15.1665909550762	98	44.7070308386561	104.902243131039
72	WGN46	62.5640839848473	15.1665909550763	98	32.4664778386557	92.661690131039
73	WGN46	16.7460909848476	15.1665909550762	98	-13.3515151613438	46.8436971310391
74	WGN46	76.0804129848475	15.1665909550762	98	45.982806838656	106.178019131039
75	WGN46	55.2062239848474	15.1665909550762	98	25.1086178386559	85.3038301310389
76	WGN46	81.0892569848473	15.1665909550762	98	50.9916508386559	111.186863131039
78	WGN46	86.6492089848474	15.1665909550763	98	56.5516028386558	116.746815131039
79	WGN46	86.0741010151508	15.1665909550762	98	55.9764948689594	116.171707161342
80	WGN46	60.4719789848472	15.1665909550763	98	30.3743728386556	90.5695851310389
81	WGN46	37.9592489848473	15.1665909550763	98	7.86164283865576	68.0568551310389
82	WGN46	70.3067859848475	15.1665909550762	98	40.209179838656	100.404392131039
83	WGN46	64.3859289848473	15.1665909550763	98	34.2883228386556	94.4835351310389
84	WGN46	39.6271019848473	15.1665909550763	98	9.52949583865581	69.7247081310389
85	WGN46	62.6667749848475	15.1665909550762	98	32.569168838656	92.764381131039
86	WGN46	67.4392839848474	15.1665909550763	98	37.3416778386557	97.536890131039
87	WGN46	54.6910469848476	15.1665909550762	98	24.5934408386561	84.7886531310391
88	WGN46	64.3364014999992	10.6974196481652	98	43.1077203609957	85.5650826390026
89	WGN46	30.0590299848475	15.1665909550763	98	-0.0385761613441495	60.1566361310391
90	WGN46	65.5284849848473	15.1665909550763	98	35.4308788386556	95.6260911310389
93	WGN46	70.0270509848474	15.1665909550762	98	39.929444838656	100.124657131039
94	WGN46	84.1099089848475	15.1665909550763	98	54.0123028386558	114.207515131039
95	WGN46	88.5817959848475	15.1665909550763	98	58.4841898386559	118.679402131039
96	WGN46	70.7674589848475	15.1665909550762	98	40.669852838656	100.865065131039
98	WGN46	78.4620599848473	15.1665909550763	98	48.3644538386557	108.559666131039
100	WGN46	69.8468389848474	15.1665909550763	98	39.7492328386558	99.944445131039
101	WGN46	73.2062849848472	15.1665909550762	98	43.1086788386557	103.303891131039
102	WGN46	41.0275629848474	15.1665909550763	98	10.9299568386558	71.1251691310389
103	WGN46	57.3961089848473	15.1665909550763	98	27.2985028386557	87.4937151310389
104	WGN46	60.615894999999	10.6974196481653	98	39.3872138609955	81.8445761390026
106	WGN46	57.6119849848474	15.1665909550763	98	27.5143788386558	87.7095911310389
107	WGN46	41.8101189848474	15.1665909550763	98	11.7125128386558	71.907725131039
108	WGN46	75.4163589848473	15.1665909550762	98	45.3187528386558	105.513965131039
109	WGN46	57.1567989848474	15.1665909550763	98	27.0591928386557	87.254405131039
110	WGN46	28.3391789848473	15.1665909550762	98	-1.75842716134422	58.4367851310388
111	WGN46	64.7186389848474	15.1665909550762	98	34.6210328386559	94.8162451310389
112	WGN46	57.1025179848473	15.1665909550763	98	27.0049118386557	87.2001241310389
113	WGN46	86.9830489848473	15.1665909550762	98	56.8854428386558	117.080655131039
114	WGN46	43.2073289848473	15.1665909550763	98	13.1097228386558	73.3049351310389
115	WGN46	62.2722989848474	15.1665909550763	98	32.1746928386559	92.3699051310389
116	WGN46	59.2623889848474	15.1665909550763	98	29.1647828386558	89.3599951310389
117	WGN46	56.5907349999989	10.6974196481653	98	35.3620538609953	77.8194161390025
119	WGN46	67.3715889848475	15.1665909550762	98	37.273982838656	97.469195131039
120	WGN46	49.0250089848473	15.1665909550762	98	18.9274028386558	79.1226151310388
121	WGN46	70.099827999999	10.6974196481653	98	48.8711468609955	91.3285091390026
122	WGN46	77.663983999999	10.6974196481653	98	56.4353028609955	98.8926651390025
123	WGN46	59.7944179848474	15.1665909550763	98	29.6968118386558	89.8920241310389
124	WGN46	17.5524439848472	15.1665909550763	98	-12.5451621613443	47.6500501310388
125	WGN46	49.2532189848474	15.1665909550763	98	19.1556128386559	79.350825131039
126	WGN46	107.615178984847	15.1665909550763	98	77.5175728386558	137.712785131039
127	WGN46	13.7858789848474	15.1665909550763	98	-16.3117271613442	43.8834851310389
128	WGN46	33.6930269848474	15.1665909550762	98	3.59542083865597	63.7906331310389
129	WGN46	61.7360239848473	15.1665909550763	98	31.6384178386558	91.8336301310389
130	WGN46	61.2843089848474	15.1665909550763	98	31.1867028386558	91.3819151310389
1	WGN55	99.2966089848474	15.1665909550762	98	69.199002838656	129.394215131039
2	WGN55	79.1602539848476	15.1665909550763	98	49.0626478386558	109.257860131039
3	WGN55	80.9534889848481	15.1665909550763	98	50.8558828386565	111.05109513104
4	WGN55	86.8009539848479	15.1665909550763	98	56.7033478386562	116.89856013104
5	WGN55	68.6006669848476	15.1665909550764	98	38.5030608386559	98.6982731310394
6	WGN55	69.1437789848472	15.1665909550764	98	39.0461728386554	99.241385131039
7	WGN55	75.4467609848479	15.1665909550763	98	45.3491548386563	105.544367131039
8	WGN55	75.5420329848481	15.1665909550763	98	45.4444268386565	105.63963913104
9	WGN55	90.2296389848478	15.1665909550762	98	60.1320328386563	120.327245131039
10	WGN55	81.9281039848479	15.1665909550762	98	51.8304978386564	112.025710131039
11	WGN55	65.471619999999	10.6974196481654	98	44.2429388609953	86.7003011390028
12	WGN55	77.0218189848483	15.1665909550761	98	46.9242128386571	107.119425131039
13	WGN55	67.8593489848477	15.1665909550763	98	37.761742838656	97.9569551310394
14	WGN55	68.889051984848	15.1665909550762	98	38.7914458386565	98.9866581310394
15	WGN55	81.6315589848488	15.1665909550762	98	51.5339528386575	111.72916513104
16	WGN55	89.253646984848	15.1665909550763	98	59.1560408386565	119.35125313104
17	WGN55	87.2022069848484	15.1665909550762	98	57.1046008386569	117.29981313104
18	WGN55	61.1179989848476	15.1665909550762	98	31.0203928386562	91.2156051310391
19	WGN55	88.6019789848479	15.1665909550763	98	58.5043728386564	118.69958513104
20	WGN55	88.1076109848476	15.1665909550763	98	58.0100048386561	118.205217131039
21	WGN55	97.4802689848475	15.1665909550763	98	67.3826628386559	127.577875131039
22	WGN55	77.0029324999996	10.6974196481653	98	55.774251360996	98.2316136390032
23	WGN55	102.132423984849	15.1665909550763	98	72.0348178386569	132.23003013104
24	WGN55	43.608528984848	15.1665909550763	98	13.5109228386565	73.7061351310396
25	WGN55	64.8778149848483	15.1665909550762	98	34.7802088386569	94.9754211310397
26	WGN55	64.5032989848479	15.1665909550762	98	34.4056928386564	94.6009051310393
27	WGN55	77.111264999999	10.6974196481654	98	55.8825838609952	98.3399461390027
28	WGN55	42.9828789848481	15.1665909550762	98	12.8852728386566	73.0804851310395
29	WGN55	82.4077429848476	15.1665909550763	98	52.310136838656	112.505349131039
30	WGN55	103.661228984848	15.1665909550763	98	73.5636228386561	133.758835131039
31	WGN55	85.8656294999999	10.6974196481652	98	64.6369483609964	107.094310639003
32	WGN55	68.9652989848483	15.1665909550762	98	38.8676928386569	99.0629051310398
33	WGN55	65.450988984848	15.1665909550763	98	35.3533828386564	95.5485951310396
34	WGN55	101.724633984848	15.1665909550762	98	71.6270278386569	131.82224013104
35	WGN55	71.5412989848481	15.1665909550762	98	41.4436928386567	101.638905131039
36	WGN55	76.2925274999993	10.6974196481653	98	55.0638463609957	97.5212086390028
37	WGN55	35.9739139848486	15.1665909550762	98	5.87630783865716	66.0715201310401
38	WGN55	58.8843939848484	15.1665909550762	98	28.786787838657	88.9820001310398
40	WGN55	44.5843489848484	15.1665909550762	98	14.486742838657	74.6819551310398
41	WGN55	81.4680949848482	15.1665909550762	98	51.3704888386569	111.56570113104
42	WGN55	98.0064844999997	10.6974196481653	98	76.7778033609961	119.235165639003
43	WGN55	97.7482139848481	15.1665909550763	98	67.6506078386565	127.84582013104
45	WGN55	57.1129989848483	15.1665909550762	98	27.0153928386569	87.2106051310397
46	WGN55	25.1084989848479	15.1665909550763	98	-4.98910716134374	55.2061051310395
47	WGN55	68.995053984848	15.1665909550762	98	38.8974478386566	99.0926601310394
48	WGN55	55.455692984848	15.1665909550762	98	25.3580868386565	85.5532991310395
49	WGN55	99.1332689848479	15.1665909550762	98	69.0356628386564	129.230875131039
50	WGN55	91.0046689848482	15.1665909550763	98	60.9070628386565	121.10227513104
52	WGN55	63.3655589848481	15.1665909550762	98	33.2679528386567	93.4631651310396
53	WGN55	65.3748469848481	15.1665909550761	98	35.2772408386568	95.4724531310394
54	WGN55	57.3267889848475	15.1665909550763	98	27.2291828386558	87.4243951310391
55	WGN55	64.8146689848487	15.1665909550762	98	34.7170628386573	94.91227513104
56	WGN55	68.5643439848478	15.1665909550763	98	38.4667378386561	98.6619501310394
57	WGN55	26.4706189848474	15.1665909550763	98	-3.62698716134427	56.568225131039
58	WGN55	56.8986689848478	15.1665909550763	98	26.8010628386562	86.9962751310394
60	WGN55	64.1667089848477	15.1665909550763	98	34.0691028386561	94.2643151310393
61	WGN55	37.0812559848478	15.1665909550763	98	6.98364983865616	67.1788621310394
62	WGN55	44.5363429848477	15.1665909550763	98	14.4387368386562	74.6339491310393
63	WGN55	53.4981939848486	15.1665909550762	98	23.4005878386572	83.59580013104
64	WGN55	82.4767139848477	15.1665909550763	98	52.3791078386562	112.574320131039
65	WGN55	84.3994689848476	15.1665909550763	98	54.3018628386559	114.497075131039
66	WGN55	61.877363984848	15.1665909550762	98	31.7797578386566	91.9749701310395
67	WGN55	83.3839339848479	15.1665909550763	98	53.2863278386564	113.48154013104
68	WGN55	49.9096829848479	15.1665909550763	98	19.8120768386563	80.0072891310395
69	WGN55	75.5935689848478	15.1665909550763	98	45.4959628386562	105.691175131039
70	WGN55	85.2938789848477	15.1665909550762	98	55.1962728386562	115.391485131039
71	WGN55	73.8382989848482	15.1665909550762	98	43.7406928386567	103.93590513104
72	WGN55	87.0112539999996	10.6974196481653	98	65.782572860996	108.239935139003
73	WGN55	86.1995174999992	10.6974196481653	98	64.9708363609956	107.428198639003
74	WGN55	80.4995689848483	15.1665909550763	98	50.4019628386567	110.59717513104
75	WGN55	33.3992789848482	15.1665909550763	98	3.30167283865669	63.4968851310398
76	WGN55	74.1712889848481	15.1665909550763	98	44.0736828386565	104.26889513104
77	WGN55	50.9415789848476	15.1665909550763	98	20.843972838656	81.0391851310392
78	WGN55	53.4462689848477	15.1665909550763	98	23.348662838656	83.5438751310393
80	WGN55	78.1919389848478	15.1665909550763	98	48.0943328386562	108.289545131039
81	WGN55	71.5086389848477	15.1665909550763	98	41.4110328386561	101.606245131039
82	WGN55	91.215878984848	15.1665909550763	98	61.1182728386564	121.31348513104
83	WGN55	47.7596309848478	15.1665909550763	98	17.6620248386562	77.8572371310394
84	WGN55	58.313728984848	15.1665909550763	98	28.2161228386565	88.4113351310396
85	WGN55	132.602148984848	15.1665909550763	98	102.504542838656	162.699755131039
86	WGN55	55.3736589848481	15.1665909550762	98	25.2760528386566	85.4712651310395
87	WGN55	63.3157389848479	15.1665909550763	98	33.2181328386564	93.4133451310395
88	WGN55	64.2682089848481	15.1665909550762	98	34.1706028386567	94.3658151310396
89	WGN55	95.8068629848479	15.1665909550762	98	65.7092568386564	125.904469131039
91	WGN55	60.7266129848478	15.1665909550763	98	30.6290068386562	90.8242191310394
92	WGN55	52.399518984848	15.1665909550762	98	22.3019128386565	82.4971251310395
93	WGN55	52.9973214999996	10.6974196481653	98	31.768640360996	74.2260026390032
94	WGN55	77.731336984848	15.1665909550763	98	47.6337308386564	107.828943131039
95	WGN55	103.122374984848	15.1665909550763	98	73.0247688386564	133.21998113104
96	WGN55	59.9894074999996	10.6974196481653	98	38.760726360996	81.2180886390031
97	WGN55	65.935174984848	15.1665909550762	98	35.8375688386565	96.0327811310395
98	WGN55	35.733858984848	15.1665909550762	98	5.63625283865649	65.8314651310395
99	WGN55	82.2504189848479	15.1665909550763	98	52.1528128386563	112.348025131039
100	WGN55	59.1164579848477	15.1665909550763	98	29.0188518386561	89.2140641310392
101	WGN55	84.9527159848479	15.1665909550762	98	54.8551098386564	115.050322131039
102	WGN55	67.6572289848481	15.1665909550762	98	37.5596228386566	97.7548351310396
103	WGN55	54.0678709848479	15.1665909550762	98	23.9702648386564	84.1654771310394
104	WGN55	39.4090789848482	15.1665909550762	98	9.31147283865671	69.5066851310397
105	WGN55	55.2496639848479	15.1665909550762	98	25.1520578386564	85.3472701310394
106	WGN55	37.6013189848481	15.1665909550763	98	7.50371283865654	67.6989251310396
107	WGN55	73.5048989848479	15.1665909550763	98	43.4072928386564	103.602505131039
108	WGN55	107.203802984848	15.1665909550763	98	77.1061968386565	137.30140913104
109	WGN55	72.883664984848	15.1665909550762	98	42.7860588386565	102.98127113104
110	WGN55	93.4439269848479	15.1665909550762	98	63.3463208386564	123.541533131039
111	WGN55	74.7988789848479	15.1665909550763	98	44.7012728386564	104.896485131039
112	WGN55	85.5766439848478	15.1665909550763	98	55.4790378386563	115.674250131039
114	WGN55	64.1434839848479	15.1665909550763	98	34.0458778386564	94.2410901310395
115	WGN55	105.177058984848	15.1665909550762	98	75.0794528386565	135.274665131039
117	WGN55	39.9486539848479	15.1665909550763	98	9.85104783865641	70.0462601310395
118	WGN55	74.098538984848	15.1665909550763	98	44.0009328386565	104.19614513104
119	WGN55	78.028488984848	15.1665909550762	98	47.9308828386565	108.12609513104
120	WGN55	49.658478984848	15.1665909550762	98	19.5608728386565	79.7560851310395
121	WGN55	79.315198984848	15.1665909550762	98	49.2175928386565	109.41280513104
122	WGN55	89.464453984848	15.1665909550762	98	59.3668478386565	119.562060131039
123	WGN55	85.4835059999996	10.6974196481653	98	64.254824860996	106.712187139003
124	WGN55	77.2634509848479	15.1665909550762	98	47.1658448386564	107.361057131039
125	WGN55	69.574558984848	15.1665909550763	98	39.4769528386565	99.6721651310395
126	WGN55	96.1633589999996	10.6974196481653	98	74.934677860996	117.392040139003
128	WGN55	67.4928389848481	15.1665909550762	98	37.3952328386566	97.5904451310396
129	WGN55	93.503764984848	15.1665909550762	98	63.4061588386565	123.601371131039
130	WGN55	83.961498984848	15.1665909550762	98	53.8638928386565	114.05910513104
1	WGN63	69.2038989848485	15.1665909550761	98	39.1062928386572	99.3015051310397
2	WGN63	24.9383989848494	15.1665909550762	98	-5.15920716134199	55.0360051310408
3	WGN63	72.0497749848479	15.1665909550764	98	41.9521688386561	102.14738113104
4	WGN63	80.8254250000001	10.6974196481653	98	59.5967438609965	102.054106139004
5	WGN63	77.4747839848477	15.1665909550763	98	47.3771778386561	107.572390131039
6	WGN63	39.4616039848482	15.1665909550763	98	9.36399783865652	69.5592101310399
7	WGN63	54.6743189848482	15.1665909550762	98	24.5767128386567	84.7719251310397
8	WGN63	67.6975989848481	15.1665909550762	98	37.5999928386565	97.7952051310396
10	WGN63	57.4554629848496	15.1665909550762	98	27.3578568386582	87.5530691310411
12	WGN63	65.0270189848481	15.1665909550762	98	34.9294128386566	95.1246251310395
13	WGN63	94.2868589848481	15.1665909550762	98	64.1892528386566	124.38446513104
14	WGN63	64.0715479848484	15.1665909550762	98	33.9739418386569	94.1691541310398
16	WGN63	62.104423984848	15.1665909550763	98	32.0068178386564	92.2020301310397
17	WGN63	52.0019389848483	15.1665909550763	98	21.9043328386567	82.0995451310398
18	WGN63	54.3194939848483	15.1665909550762	98	24.2218878386569	84.4171001310398
19	WGN63	76.3121789848482	15.1665909550763	98	46.2145728386567	106.40978513104
20	WGN63	71.2024389848482	15.1665909550762	98	41.1048328386568	101.30004513104
21	WGN63	41.7199989848481	15.1665909550763	98	11.6223928386565	71.8176051310396
22	WGN63	64.8722439848479	15.1665909550763	98	34.7746378386563	94.9698501310396
23	WGN63	108.999138984848	15.1665909550763	98	78.9015328386567	139.09674513104
24	WGN63	69.0704999999997	10.6974196481653	98	47.8418188609961	90.2991811390033
25	WGN63	37.2022189848482	15.1665909550763	98	7.10461283865658	67.2998251310398
26	WGN63	56.3217599999997	10.6974196481653	98	35.0930788609961	77.5504411390033
27	WGN63	59.8801889848482	15.1665909550762	98	29.7825828386567	89.9777951310396
28	WGN63	58.6695189848481	15.1665909550763	98	28.5719128386564	88.7671251310398
29	WGN63	64.1601844999996	10.6974196481653	98	42.931503360996	85.3888656390032
30	WGN63	73.612733984848	15.1665909550763	98	43.5151278386564	103.71034013104
31	WGN63	32.7421689848486	15.1665909550762	98	2.64456283865709	62.8397751310401
32	WGN63	36.9624389848485	15.1665909550762	98	6.86483283865704	67.0600451310399
33	WGN63	49.0396599999999	10.6974196481653	98	27.8109788609963	70.2683411390034
34	WGN63	96.6962089848481	15.1665909550762	98	66.5986028386566	126.79381513104
35	WGN63	93.0438289848482	15.1665909550762	98	62.9462228386567	123.14143513104
36	WGN63	54.0577260151516	15.1665909550762	98	23.9601198689601	84.1553321613431
37	WGN63	65.3931389848478	15.1665909550762	98	35.2955328386563	95.4907451310393
38	WGN63	51.8120689848482	15.1665909550763	98	21.7144628386567	81.9096751310398
39	WGN63	48.1704589848476	15.1665909550763	98	18.072852838656	78.2680651310393
40	WGN63	15.3679489848487	15.1665909550763	98	-14.7296571613429	45.4655551310403
41	WGN63	42.5576789848482	15.1665909550762	98	12.4600728386568	72.6552851310397
42	WGN63	78.1783589848477	15.1665909550763	98	48.0807528386561	108.275965131039
43	WGN63	51.9335824999997	10.6974196481653	98	30.7049013609961	73.1622636390033
44	WGN63	62.9823989848483	15.1665909550763	98	32.8847928386567	93.0800051310398
45	WGN63	51.3373599999997	10.6974196481653	98	30.1086788609961	72.5660411390033
46	WGN63	65.1777689848476	15.1665909550763	98	35.0801628386561	95.2753751310391
47	WGN63	48.073633984848	15.1665909550763	98	17.9760278386564	78.1712401310396
48	WGN63	81.3056389848483	15.1665909550763	98	51.2080328386567	111.40324513104
49	WGN63	95.3593989848479	15.1665909550762	98	65.2617928386564	125.457005131039
50	WGN63	52.6091389848481	15.1665909550763	98	22.5115328386565	82.7067451310397
52	WGN63	61.9175839848483	15.1665909550762	98	31.8199778386568	92.0151901310398
53	WGN63	63.0880089848482	15.1665909550763	98	32.9904028386566	93.1856151310398
54	WGN63	80.8299419848483	15.1665909550763	98	50.7323358386567	110.92754813104
55	WGN63	44.2729789848486	15.1665909550762	98	14.1753728386571	74.37058513104
56	WGN63	63.1726989848482	15.1665909550763	98	33.0750928386566	93.2703051310398
57	WGN63	73.0894189848482	15.1665909550762	98	42.9918128386568	103.18702513104
59	WGN63	55.9662789848483	15.1665909550763	98	25.8686728386567	86.0638851310399
60	WGN63	124.297118984848	15.1665909550763	98	94.1995128386566	154.39472513104
61	WGN63	57.857385	10.6974196481653	98	36.6287038609964	79.0860661390035
62	WGN63	60.5338709848486	15.1665909550763	98	30.436264838657	90.6314771310402
63	WGN63	81.8400189848481	15.1665909550762	98	51.7424128386566	111.93762513104
64	WGN63	66.7847389848478	15.1665909550762	98	36.6871328386563	96.8823451310393
65	WGN63	41.4908189848484	15.1665909550762	98	11.3932128386569	71.5884251310399
66	WGN63	57.4780149848479	15.1665909550763	98	27.3804088386562	87.5756211310395
67	WGN63	72.0178889848482	15.1665909550763	98	41.9202828386566	102.11549513104
68	WGN63	72.9859239848481	15.1665909550763	98	42.8883178386565	103.08353013104
69	WGN63	75.0229489848482	15.1665909550763	98	44.9253428386566	105.12055513104
70	WGN63	72.5960089848482	15.1665909550763	98	42.4984028386567	102.69361513104
72	WGN63	70.7684139848484	15.1665909550763	98	40.6708078386568	100.86602013104
73	WGN63	59.7054689848482	15.1665909550763	98	29.6078628386566	89.8030751310397
74	WGN63	37.5156549999999	10.6974196481653	98	16.2869738609964	58.7443361390035
75	WGN63	70.0754189848482	15.1665909550762	98	39.9778128386567	100.17302513104
76	WGN63	70.3789789848483	15.1665909550763	98	40.2813728386567	100.47658513104
77	WGN63	61.6141589848483	15.1665909550763	98	31.5165528386567	91.7117651310399
78	WGN63	54.7119189848482	15.1665909550763	98	24.6143128386567	84.8095251310398
79	WGN63	70.7107189848481	15.1665909550763	98	40.6131128386565	100.80832513104
80	WGN63	65.926318984848	15.1665909550762	98	35.8287128386565	96.0239251310395
81	WGN63	46.9870039848482	15.1665909550763	98	16.8893978386566	77.0846101310398
82	WGN63	35.5361889848483	15.1665909550762	98	5.43858283865677	65.6337951310398
83	WGN63	41.5580439848481	15.1665909550763	98	11.4604378386565	71.6556501310397
84	WGN63	40.1797639848481	15.1665909550763	98	10.0821578386565	70.2773701310397
85	WGN63	61.4496189848482	15.1665909550763	98	31.3520128386566	91.5472251310398
86	WGN63	72.4632969848481	15.1665909550762	98	42.3656908386566	102.56090313104
87	WGN63	61.1847689848484	15.1665909550762	98	31.0871628386568	91.2823751310399
88	WGN63	67.8439789848483	15.1665909550762	98	37.7463728386568	97.9415851310398
89	WGN63	72.2870989848482	15.1665909550763	98	42.1894928386566	102.38470513104
91	WGN63	48.6269149999999	10.6974196481653	98	27.3982338609963	69.8555961390034
92	WGN63	33.0719889848481	15.1665909550763	98	2.97438283865657	63.1695951310397
93	WGN63	48.1431569848483	15.1665909550763	98	18.0455508386568	78.2407631310399
94	WGN63	74.5980374999998	10.6974196481653	98	53.3693563609963	95.8267186390034
95	WGN63	66.6151989848483	15.1665909550763	98	36.5175928386567	96.7128051310399
96	WGN63	39.1502189848481	15.1665909550763	98	9.05261283865655	69.2478251310397
97	WGN63	64.2435189848482	15.1665909550763	98	34.1459128386566	94.3411251310397
98	WGN63	53.3585789848482	15.1665909550763	98	23.2609728386566	83.4561851310397
99	WGN63	69.2481989848482	15.1665909550763	98	39.1505928386566	99.3458051310398
100	WGN63	101.593642984848	15.1665909550763	98	71.4960368386566	131.69124913104
101	WGN63	79.4691689848482	15.1665909550763	98	49.3715628386567	109.56677513104
102	WGN63	96.1828189848482	15.1665909550763	98	66.0852128386566	126.28042513104
103	WGN63	74.5263089848482	15.1665909550763	98	44.4287028386567	104.62391513104
105	WGN63	75.7792989848482	15.1665909550763	98	45.6816928386566	105.87690513104
107	WGN63	45.6495939848482	15.1665909550763	98	15.5519878386566	75.7472001310397
109	WGN63	28.296713984848	15.1665909550763	98	-1.80089216134353	58.3943201310396
110	WGN63	33.9665339848482	15.1665909550763	98	3.86892783865661	64.0641401310397
111	WGN63	40.2819789848482	15.1665909550763	98	10.1843728386567	70.3795851310398
112	WGN63	31.2645789848481	15.1665909550763	98	1.16697283865659	61.3621851310397
114	WGN63	96.3776789848482	15.1665909550763	98	66.2800728386566	126.47528513104
115	WGN63	35.6891389848482	15.1665909550763	98	5.59153283865664	65.7867451310397
116	WGN63	85.2414389848482	15.1665909550763	98	55.1438328386567	115.33904513104
117	WGN63	75.1907589848482	15.1665909550763	98	45.0931528386567	105.28836513104
118	WGN63	53.2863289848482	15.1665909550763	98	23.1887228386567	83.3839351310397
119	WGN63	58.8351939848482	15.1665909550763	98	28.7375878386567	88.9328001310398
121	WGN63	55.0826589848482	15.1665909550763	98	24.9850528386567	85.1802651310398
122	WGN63	86.4819839848482	15.1665909550763	98	56.3843778386566	116.57959013104
123	WGN63	65.1564989848482	15.1665909550763	98	35.0588928386567	95.2541051310397
124	WGN63	69.7415089848482	15.1665909550763	98	39.6439028386566	99.8391151310397
125	WGN63	76.4209689848482	15.1665909550763	98	46.3233628386566	106.51857513104
126	WGN63	73.3878389848482	15.1665909550763	98	43.2902328386566	103.48544513104
127	WGN63	60.6561039848483	15.1665909550763	98	30.5584978386567	90.7537101310398
128	WGN63	63.0679189848483	15.1665909550763	98	32.9703128386567	93.1655251310398
129	WGN63	45.2982389848483	15.1665909550763	98	15.2006328386567	75.3958451310398
130	WGN63	54.5494089848482	15.1665909550763	98	24.4518028386567	84.6470151310398
