plantID3	famID	emmean	SE	df	lower.CL	upper.CL
1	WGN07	20.9109200000021	NA	0	NA	NA
2	WGN07	25.1244100000024	NA	0	NA	NA
3	WGN07	17.4488899999947	NA	0	NA	NA
4	WGN07	1.63057999999829	NA	0	NA	NA
5	WGN07	52.43587	NA	0	NA	NA
6	WGN07	23.2951299999979	NA	0	NA	NA
7	WGN07	19.8709549999993	NA	0	NA	NA
8	WGN07	54.6490139999998	NA	0	NA	NA
9	WGN07	63.3571480000049	NA	0	NA	NA
10	WGN07	7.93032999999742	NA	0	NA	NA
11	WGN07	23.6055299999994	NA	0	NA	NA
12	WGN07	15.6463049999997	NA	0	NA	NA
13	WGN07	25.47365	NA	0	NA	NA
14	WGN07	60.1662999999993	NA	0	NA	NA
15	WGN07	30.2213500000003	NA	0	NA	NA
16	WGN07	32.6364399999998	NA	0	NA	NA
17	WGN07	50.0280010000007	NA	0	NA	NA
18	WGN07	17.1262849999996	NA	0	NA	NA
20	WGN07	2.3073800000003	NA	0	NA	NA
21	WGN07	49.9906999999987	NA	0	NA	NA
22	WGN07	26.5776100000001	NA	0	NA	NA
24	WGN07	10.1598550000002	NA	0	NA	NA
25	WGN07	14.9135500000003	NA	0	NA	NA
26	WGN07	30.2228699999993	NA	0	NA	NA
27	WGN07	59.6543449999997	NA	0	NA	NA
28	WGN07	42.4157700000001	NA	0	NA	NA
29	WGN07	61.2934939999999	NA	0	NA	NA
30	WGN07	21.8232399999999	NA	0	NA	NA
31	WGN07	47.9194049999996	NA	0	NA	NA
32	WGN07	12.6978799999985	NA	0	NA	NA
33	WGN07	54.0683799999991	NA	0	NA	NA
34	WGN07	39.5831099999991	NA	0	NA	NA
35	WGN07	49.8206199999983	NA	0	NA	NA
36	WGN07	6.80221999999993	NA	0	NA	NA
37	WGN07	17.4367419999997	NA	0	NA	NA
38	WGN07	46.6415149999998	NA	0	NA	NA
39	WGN07	36.7785399999996	NA	0	NA	NA
40	WGN07	15.0720799999998	NA	0	NA	NA
41	WGN07	41.5685349999999	NA	0	NA	NA
42	WGN07	27.6552799999994	NA	0	NA	NA
44	WGN07	25.2179689999991	NA	0	NA	NA
46	WGN07	22.9808499999995	NA	0	NA	NA
47	WGN07	15.08109	NA	0	NA	NA
48	WGN07	7.32415999999973	NA	0	NA	NA
49	WGN07	51.4543399999994	NA	0	NA	NA
50	WGN07	61.6120949999989	NA	0	NA	NA
52	WGN07	19.3489899999998	NA	0	NA	NA
53	WGN07	37.4582349999996	NA	0	NA	NA
54	WGN07	20.1206119999998	NA	0	NA	NA
55	WGN07	30.5841449999995	NA	0	NA	NA
56	WGN07	18.0871349999999	NA	0	NA	NA
57	WGN07	20.0790200000003	NA	0	NA	NA
58	WGN07	6.36008	NA	0	NA	NA
59	WGN07	41.9352749999995	NA	0	NA	NA
60	WGN07	19.7592279999994	NA	0	NA	NA
61	WGN07	25.9344999999997	NA	0	NA	NA
63	WGN07	27.973629999999	NA	0	NA	NA
64	WGN07	27.2254100000009	NA	0	NA	NA
66	WGN07	24.3080800000004	NA	0	NA	NA
67	WGN07	11.5248099999994	NA	0	NA	NA
68	WGN07	32.1430849999994	NA	0	NA	NA
69	WGN07	18.4134700000005	NA	0	NA	NA
71	WGN07	20.1218039999998	NA	0	NA	NA
73	WGN07	36.6609699999996	NA	0	NA	NA
74	WGN07	44.9581399999992	NA	0	NA	NA
75	WGN07	23.5541199999996	NA	0	NA	NA
76	WGN07	23.234465	NA	0	NA	NA
77	WGN07	39.4847449999993	NA	0	NA	NA
78	WGN07	23.93584	NA	0	NA	NA
79	WGN07	23.9850999999997	NA	0	NA	NA
80	WGN07	29.5971509999998	NA	0	NA	NA
81	WGN07	48.0429549999995	NA	0	NA	NA
82	WGN07	24.4057799999997	NA	0	NA	NA
83	WGN07	12.5708099999998	NA	0	NA	NA
84	WGN07	24.6531300000004	NA	0	NA	NA
85	WGN07	31.0511050000001	NA	0	NA	NA
86	WGN07	39.8296839999997	NA	0	NA	NA
87	WGN07	19.5266799999998	NA	0	NA	NA
88	WGN07	36.0752049999993	NA	0	NA	NA
89	WGN07	14.3922199999997	NA	0	NA	NA
90	WGN07	40.1597799999998	NA	0	NA	NA
91	WGN07	52.9139479999996	NA	0	NA	NA
92	WGN07	8.22448700000003	NA	0	NA	NA
93	WGN07	34.2194650000002	NA	0	NA	NA
94	WGN07	39.6677599999998	NA	0	NA	NA
95	WGN07	36.1010699999992	NA	0	NA	NA
96	WGN07	10.8582199999997	NA	0	NA	NA
97	WGN07	43.3225300000006	NA	0	NA	NA
98	WGN07	22.0588599999995	NA	0	NA	NA
99	WGN07	46.7603999999994	NA	0	NA	NA
100	WGN07	35.1547399999998	NA	0	NA	NA
101	WGN07	18.6692699999999	NA	0	NA	NA
102	WGN07	20.1164399999997	NA	0	NA	NA
103	WGN07	35.0952049999998	NA	0	NA	NA
104	WGN07	33.8684129999993	NA	0	NA	NA
105	WGN07	46.1258149999989	NA	0	NA	NA
106	WGN07	44.5379159999991	NA	0	NA	NA
107	WGN07	35.3993000000002	NA	0	NA	NA
108	WGN07	11.3189299999998	NA	0	NA	NA
109	WGN07	7.82244999999964	NA	0	NA	NA
110	WGN07	16.5521399999996	NA	0	NA	NA
112	WGN07	14.3248599999998	NA	0	NA	NA
113	WGN07	18.3599799999992	NA	0	NA	NA
114	WGN07	9.31533999999929	NA	0	NA	NA
115	WGN07	58.3106999999994	NA	0	NA	NA
116	WGN07	61.5173879999996	NA	0	NA	NA
117	WGN07	26.609435000001	NA	0	NA	NA
118	WGN07	13.1670599999994	NA	0	NA	NA
119	WGN07	40.0260399999997	NA	0	NA	NA
120	WGN07	26.9383799999999	NA	0	NA	NA
121	WGN07	35.1255999999996	NA	0	NA	NA
122	WGN07	20.3761300000008	NA	0	NA	NA
123	WGN07	40.39041	NA	0	NA	NA
124	WGN07	20.516658	NA	0	NA	NA
125	WGN07	32.5052800000003	NA	0	NA	NA
126	WGN07	12.6695639999995	NA	0	NA	NA
128	WGN07	17.3115550000001	NA	0	NA	NA
129	WGN07	39.3179999999992	NA	0	NA	NA
130	WGN07	16.5819349999995	NA	0	NA	NA
1	WGN15	29.7923799999995	NA	0	NA	NA
2	WGN15	15.1635599999991	NA	0	NA	NA
3	WGN15	13.2983799999996	NA	0	NA	NA
4	WGN15	39.2033079999996	NA	0	NA	NA
5	WGN15	34.8772299999996	NA	0	NA	NA
7	WGN15	21.8343099999995	NA	0	NA	NA
8	WGN15	39.8367549999994	NA	0	NA	NA
9	WGN15	28.9875999999994	NA	0	NA	NA
10	WGN15	29.5545599999996	NA	0	NA	NA
11	WGN15	44.1392599999997	NA	0	NA	NA
12	WGN15	29.6923199999995	NA	0	NA	NA
13	WGN15	28.9485549999995	NA	0	NA	NA
14	WGN15	18.7487199999994	NA	0	NA	NA
15	WGN15	19.7255299999995	NA	0	NA	NA
16	WGN15	16.7918599999998	NA	0	NA	NA
17	WGN15	15.3220299999992	NA	0	NA	NA
18	WGN15	45.9098099999995	NA	0	NA	NA
19	WGN15	43.0563099999991	NA	0	NA	NA
20	WGN15	42.1883499999993	NA	0	NA	NA
21	WGN15	29.5357899999993	NA	0	NA	NA
22	WGN15	40.6340049999994	NA	0	NA	NA
23	WGN15	16.0270799999992	NA	0	NA	NA
24	WGN15	2.58373999999934	NA	0	NA	NA
25	WGN15	42.9861299999989	NA	0	NA	NA
26	WGN15	12.6379799999992	NA	0	NA	NA
27	WGN15	56.6060799999995	NA	0	NA	NA
28	WGN15	18.1443599999993	NA	0	NA	NA
29	WGN15	34.0154200000001	NA	0	NA	NA
30	WGN15	35.8498399999993	NA	0	NA	NA
31	WGN15	35.5711599999987	NA	0	NA	NA
32	WGN15	58.3846900000007	NA	0	NA	NA
33	WGN15	45.6355799999989	NA	0	NA	NA
34	WGN15	34.8424749999995	NA	0	NA	NA
35	WGN15	47.0906050000005	NA	0	NA	NA
36	WGN15	21.2163099999999	NA	0	NA	NA
37	WGN15	24.4565999999994	NA	0	NA	NA
38	WGN15	16.9602149999996	NA	0	NA	NA
39	WGN15	40.5019599999995	NA	0	NA	NA
40	WGN15	27.0170199999991	NA	0	NA	NA
41	WGN15	43.5599639999996	NA	0	NA	NA
43	WGN15	26.212429999999	NA	0	NA	NA
44	WGN15	53.4764499999995	NA	0	NA	NA
45	WGN15	21.8014749999994	NA	0	NA	NA
46	WGN15	13.4640279999992	NA	0	NA	NA
47	WGN15	29.3701299999996	NA	0	NA	NA
48	WGN15	39.3657399999996	NA	0	NA	NA
50	WGN15	43.4313599999994	NA	0	NA	NA
51	WGN15	26.0489599999996	NA	0	NA	NA
52	WGN15	20.9395999999995	NA	0	NA	NA
53	WGN15	13.9098000000006	NA	0	NA	NA
54	WGN15	31.6417949999992	NA	0	NA	NA
55	WGN15	27.4128869999995	NA	0	NA	NA
56	WGN15	23.4984599999997	NA	0	NA	NA
57	WGN15	36.9974599999994	NA	0	NA	NA
58	WGN15	35.0941449999996	NA	0	NA	NA
59	WGN15	22.2572299999996	NA	0	NA	NA
60	WGN15	8.91681999999953	NA	0	NA	NA
61	WGN15	27.8966199999992	NA	0	NA	NA
62	WGN15	33.8021599999996	NA	0	NA	NA
63	WGN15	32.5800799999996	NA	0	NA	NA
64	WGN15	22.0570199999993	NA	0	NA	NA
65	WGN15	34.6424499999995	NA	0	NA	NA
66	WGN15	18.8111799999995	NA	0	NA	NA
67	WGN15	25.2056599999994	NA	0	NA	NA
68	WGN15	4.87007999999978	NA	0	NA	NA
69	WGN15	39.1769799999995	NA	0	NA	NA
70	WGN15	31.705634999999	NA	0	NA	NA
71	WGN15	26.2360300000005	NA	0	NA	NA
72	WGN15	20.6335799999993	NA	0	NA	NA
73	WGN15	43.7951099999995	NA	0	NA	NA
74	WGN15	23.9606599999995	NA	0	NA	NA
75	WGN15	35.2017399999995	NA	0	NA	NA
77	WGN15	21.4511599999994	NA	0	NA	NA
78	WGN15	34.4824599999998	NA	0	NA	NA
79	WGN15	21.48476	NA	0	NA	NA
80	WGN15	26.9666049999994	NA	0	NA	NA
81	WGN15	29.5335399999992	NA	0	NA	NA
82	WGN15	40.1941149999996	NA	0	NA	NA
83	WGN15	18.4575199999995	NA	0	NA	NA
84	WGN15	13.5404599999998	NA	0	NA	NA
85	WGN15	47.2574899999994	NA	0	NA	NA
86	WGN15	46.0624999999996	NA	0	NA	NA
87	WGN15	27.4860299999995	NA	0	NA	NA
88	WGN15	23.8236999999992	NA	0	NA	NA
89	WGN15	15.8574199999995	NA	0	NA	NA
90	WGN15	13.427059999999	NA	0	NA	NA
91	WGN15	11.2384259999996	NA	0	NA	NA
92	WGN15	12.0204999999997	NA	0	NA	NA
93	WGN15	32.1859449999995	NA	0	NA	NA
94	WGN15	44.7170549999993	NA	0	NA	NA
95	WGN15	9.33346999999995	NA	0	NA	NA
96	WGN15	16.3699449999997	NA	0	NA	NA
97	WGN15	20.4208299999985	NA	0	NA	NA
98	WGN15	20.41225	NA	0	NA	NA
100	WGN15	39.4948199999995	NA	0	NA	NA
101	WGN15	39.9942499999996	NA	0	NA	NA
102	WGN15	15.6457549999996	NA	0	NA	NA
103	WGN15	37.2863349999995	NA	0	NA	NA
104	WGN15	24.0796569999994	NA	0	NA	NA
106	WGN15	17.5572049999997	NA	0	NA	NA
107	WGN15	38.7198199999988	NA	0	NA	NA
108	WGN15	23.9321149999998	NA	0	NA	NA
109	WGN15	43.9827949999996	NA	0	NA	NA
110	WGN15	14.1774839999994	NA	0	NA	NA
111	WGN15	33.4810799999991	NA	0	NA	NA
112	WGN15	40.0416649999995	NA	0	NA	NA
113	WGN15	11.4271799999997	NA	0	NA	NA
115	WGN15	36.1825499999994	NA	0	NA	NA
116	WGN15	37.814904999999	NA	0	NA	NA
117	WGN15	29.3253199999991	NA	0	NA	NA
118	WGN15	30.7588049999993	NA	0	NA	NA
119	WGN15	41.5655999999994	NA	0	NA	NA
120	WGN15	32.4759999999994	NA	0	NA	NA
121	WGN15	28.2714299999995	NA	0	NA	NA
122	WGN15	19.1972299999992	NA	0	NA	NA
123	WGN15	22.6213849999995	NA	0	NA	NA
124	WGN15	25.6834999999991	NA	0	NA	NA
125	WGN15	17.3674299999992	NA	0	NA	NA
126	WGN15	26.0010799999988	NA	0	NA	NA
127	WGN15	35.4608699999995	NA	0	NA	NA
128	WGN15	26.5469499999996	NA	0	NA	NA
129	WGN15	10.5191949999996	NA	0	NA	NA
130	WGN15	47.6858799999998	NA	0	NA	NA
1	WGN26	3.8903300000005	NA	0	NA	NA
3	WGN26	18.3853499999994	NA	0	NA	NA
4	WGN26	24.8708460000014	NA	0	NA	NA
5	WGN26	17.3398400000007	NA	0	NA	NA
6	WGN26	26.89965	NA	0	NA	NA
7	WGN26	31.291249999999	NA	0	NA	NA
8	WGN26	13.0330999999999	NA	0	NA	NA
9	WGN26	8.37753000000029	NA	0	NA	NA
10	WGN26	11.3300480000006	NA	0	NA	NA
11	WGN26	20.6938800000008	NA	0	NA	NA
12	WGN26	21.3855849999996	NA	0	NA	NA
13	WGN26	33.6605599999995	NA	0	NA	NA
14	WGN26	5.48218000000046	NA	0	NA	NA
15	WGN26	43.9254950000019	NA	0	NA	NA
17	WGN26	43.022885000001	NA	0	NA	NA
18	WGN26	18.3363800000005	NA	0	NA	NA
19	WGN26	40.94329	NA	0	NA	NA
20	WGN26	2.31720000000091	NA	0	NA	NA
21	WGN26	7.29603999999984	NA	0	NA	NA
22	WGN26	26.3798549999997	NA	0	NA	NA
23	WGN26	10.1882100000004	NA	0	NA	NA
24	WGN26	14.8451049999997	NA	0	NA	NA
25	WGN26	48.705436	NA	0	NA	NA
26	WGN26	27.0429880000001	NA	0	NA	NA
27	WGN26	5.63813800000034	NA	0	NA	NA
28	WGN26	22.0493100000004	NA	0	NA	NA
29	WGN26	10.5875100000001	NA	0	NA	NA
30	WGN26	25.8541249999993	NA	0	NA	NA
31	WGN26	31.1150749999997	NA	0	NA	NA
32	WGN26	21.5257700000001	NA	0	NA	NA
33	WGN26	18.1043200000002	NA	0	NA	NA
34	WGN26	20.8750740000005	NA	0	NA	NA
35	WGN26	27.0746300000007	NA	0	NA	NA
36	WGN26	22.8279199999999	NA	0	NA	NA
38	WGN26	21.1652599999999	NA	0	NA	NA
39	WGN26	15.7042999999997	NA	0	NA	NA
40	WGN26	6.46077999999997	NA	0	NA	NA
41	WGN26	7.26879000000024	NA	0	NA	NA
42	WGN26	38.7546020000002	NA	0	NA	NA
43	WGN26	21.9125450000008	NA	0	NA	NA
44	WGN26	38.4870399999997	NA	0	NA	NA
45	WGN26	29.9660799999999	NA	0	NA	NA
46	WGN26	32.4596900000004	NA	0	NA	NA
47	WGN26	29.7145900000006	NA	0	NA	NA
48	WGN26	18.1348599999996	NA	0	NA	NA
49	WGN26	26.1175699999994	NA	0	NA	NA
50	WGN26	8.68541999999955	NA	0	NA	NA
51	WGN26	32.8573900000001	NA	0	NA	NA
52	WGN26	35.0439949999993	NA	0	NA	NA
53	WGN26	49.2610800000003	NA	0	NA	NA
54	WGN26	7.36767799999991	NA	0	NA	NA
55	WGN26	12.4290050000007	NA	0	NA	NA
56	WGN26	20.6503049999996	NA	0	NA	NA
57	WGN26	45.0706700000003	NA	0	NA	NA
58	WGN26	29.6406050000002	NA	0	NA	NA
59	WGN26	5.67373000000005	NA	0	NA	NA
60	WGN26	18.78782	NA	0	NA	NA
61	WGN26	17.8998000000008	NA	0	NA	NA
62	WGN26	24.5411600000003	NA	0	NA	NA
64	WGN26	25.227312	NA	0	NA	NA
65	WGN26	17.0641799999997	NA	0	NA	NA
66	WGN26	44.6177200000007	NA	0	NA	NA
67	WGN26	23.7469449999999	NA	0	NA	NA
68	WGN26	20.6569399999997	NA	0	NA	NA
69	WGN26	28.4725050000001	NA	0	NA	NA
70	WGN26	14.0019200000003	NA	0	NA	NA
71	WGN26	27.50077	NA	0	NA	NA
72	WGN26	17.0231450000004	NA	0	NA	NA
73	WGN26	15.3308849999996	NA	0	NA	NA
74	WGN26	23.0791319999996	NA	0	NA	NA
75	WGN26	29.8169600000001	NA	0	NA	NA
76	WGN26	3.41290000000131	NA	0	NA	NA
77	WGN26	10.8247200000004	NA	0	NA	NA
78	WGN26	23.480855	NA	0	NA	NA
79	WGN26	16.4921650000003	NA	0	NA	NA
80	WGN26	24.1089800000002	NA	0	NA	NA
81	WGN26	33.7682200000002	NA	0	NA	NA
82	WGN26	51.8567699999999	NA	0	NA	NA
83	WGN26	16.9259000000004	NA	0	NA	NA
85	WGN26	13.7590449999998	NA	0	NA	NA
87	WGN26	18.7154050000003	NA	0	NA	NA
88	WGN26	14.09173	NA	0	NA	NA
89	WGN26	24.2615160000002	NA	0	NA	NA
90	WGN26	8.18394499999999	NA	0	NA	NA
91	WGN26	47.8963849999999	NA	0	NA	NA
92	WGN26	2.49021999999994	NA	0	NA	NA
93	WGN26	20.3999799999999	NA	0	NA	NA
94	WGN26	18.1945000000004	NA	0	NA	NA
95	WGN26	24.284295	NA	0	NA	NA
96	WGN26	5.54219000000004	NA	0	NA	NA
97	WGN26	38.4476299999998	NA	0	NA	NA
98	WGN26	5.08515999999985	NA	0	NA	NA
99	WGN26	28.2915999999998	NA	0	NA	NA
100	WGN26	16.363385	NA	0	NA	NA
101	WGN26	11.1747050000006	NA	0	NA	NA
102	WGN26	30.1375100000002	NA	0	NA	NA
103	WGN26	7.71410000000035	NA	0	NA	NA
104	WGN26	30.9203049999997	NA	0	NA	NA
106	WGN26	17.5760600000013	NA	0	NA	NA
108	WGN26	9.28416000000099	NA	0	NA	NA
109	WGN26	28.4292499999999	NA	0	NA	NA
111	WGN26	43.2104599999996	NA	0	NA	NA
112	WGN26	17.4903500000001	NA	0	NA	NA
113	WGN26	14.445934	NA	0	NA	NA
114	WGN26	3.859795	NA	0	NA	NA
115	WGN26	48.0863750000002	NA	0	NA	NA
117	WGN26	8.70784000000005	NA	0	NA	NA
118	WGN26	50.8810799999999	NA	0	NA	NA
119	WGN26	23.0555400000004	NA	0	NA	NA
121	WGN26	28.6212800000002	NA	0	NA	NA
122	WGN26	25.9886849999998	NA	0	NA	NA
123	WGN26	36.16397	NA	0	NA	NA
124	WGN26	1.40398000000066	NA	0	NA	NA
125	WGN26	48.0570599999997	NA	0	NA	NA
126	WGN26	2.73037000000043	NA	0	NA	NA
127	WGN26	24.2517800000005	NA	0	NA	NA
128	WGN26	32.5178900000002	NA	0	NA	NA
129	WGN26	15.8313900000004	NA	0	NA	NA
130	WGN26	18.2685900000001	NA	0	NA	NA
1	WGN36	16.4033499999997	NA	0	NA	NA
2	WGN36	20.3890799999995	NA	0	NA	NA
4	WGN36	57.7598600000001	NA	0	NA	NA
6	WGN36	8.86928999999993	NA	0	NA	NA
7	WGN36	40.5993099999992	NA	0	NA	NA
8	WGN36	40.9771000000002	NA	0	NA	NA
9	WGN36	12.0569300000007	NA	0	NA	NA
10	WGN36	29.8988899999999	NA	0	NA	NA
11	WGN36	24.3656450000002	NA	0	NA	NA
12	WGN36	31.6053949999999	NA	0	NA	NA
13	WGN36	33.5247800000001	NA	0	NA	NA
14	WGN36	25.8153599999999	NA	0	NA	NA
15	WGN36	33.6048099999994	NA	0	NA	NA
16	WGN36	18.2861049999998	NA	0	NA	NA
17	WGN36	39.9622449999992	NA	0	NA	NA
18	WGN36	21.1341660000003	NA	0	NA	NA
19	WGN36	29.3576299999998	NA	0	NA	NA
20	WGN36	12.040034	NA	0	NA	NA
21	WGN36	32.9580400000003	NA	0	NA	NA
22	WGN36	40.5504600000001	NA	0	NA	NA
23	WGN36	42.8985049999999	NA	0	NA	NA
24	WGN36	27.6262799999997	NA	0	NA	NA
26	WGN36	31.4220300000003	NA	0	NA	NA
27	WGN36	31.3393399999997	NA	0	NA	NA
28	WGN36	17.7613599999998	NA	0	NA	NA
30	WGN36	36.3316199999995	NA	0	NA	NA
31	WGN36	32.8346949999996	NA	0	NA	NA
32	WGN36	15.6319400000008	NA	0	NA	NA
33	WGN36	42.1291399999995	NA	0	NA	NA
34	WGN36	41.9763400000002	NA	0	NA	NA
35	WGN36	17.4070499999999	NA	0	NA	NA
36	WGN36	36.7111999999996	NA	0	NA	NA
37	WGN36	23.6760439999994	NA	0	NA	NA
38	WGN36	4.72318000000003	NA	0	NA	NA
40	WGN36	42.0357229999996	NA	0	NA	NA
41	WGN36	20.1408599999997	NA	0	NA	NA
42	WGN36	17.1802499999997	NA	0	NA	NA
43	WGN36	53.217689999999	NA	0	NA	NA
44	WGN36	26.6513299999997	NA	0	NA	NA
45	WGN36	16.9972049999999	NA	0	NA	NA
46	WGN36	41.1382299999996	NA	0	NA	NA
47	WGN36	36.5918549999996	NA	0	NA	NA
48	WGN36	21.1879149999999	NA	0	NA	NA
51	WGN36	38.3949199999997	NA	0	NA	NA
52	WGN36	38.8956400000003	NA	0	NA	NA
53	WGN36	31.5575899999997	NA	0	NA	NA
54	WGN36	15.4420100000002	NA	0	NA	NA
55	WGN36	43.6059599999999	NA	0	NA	NA
56	WGN36	21.431116	NA	0	NA	NA
57	WGN36	55.5961299999997	NA	0	NA	NA
58	WGN36	45.6470199999996	NA	0	NA	NA
59	WGN36	19.7654000000006	NA	0	NA	NA
60	WGN36	65.1896199999998	NA	0	NA	NA
62	WGN36	37.2051299999997	NA	0	NA	NA
64	WGN36	31.6757099999996	NA	0	NA	NA
65	WGN36	21.6715499999999	NA	0	NA	NA
66	WGN36	34.6572199999997	NA	0	NA	NA
68	WGN36	11.5901499999998	NA	0	NA	NA
69	WGN36	16.1275950000012	NA	0	NA	NA
70	WGN36	11.9511399999997	NA	0	NA	NA
71	WGN36	44.0308200000001	NA	0	NA	NA
72	WGN36	18.3525399999998	NA	0	NA	NA
74	WGN36	27.4212700000001	NA	0	NA	NA
75	WGN36	7.73746000000077	NA	0	NA	NA
76	WGN36	37.8220899999998	NA	0	NA	NA
77	WGN36	29.0978199999997	NA	0	NA	NA
78	WGN36	32.7021899999995	NA	0	NA	NA
79	WGN36	15.5123349999997	NA	0	NA	NA
80	WGN36	3.81447999999981	NA	0	NA	NA
81	WGN36	30.092618	NA	0	NA	NA
82	WGN36	20.9482549999996	NA	0	NA	NA
83	WGN36	22.8013999999998	NA	0	NA	NA
84	WGN36	40.7135699999995	NA	0	NA	NA
85	WGN36	28.3732299999997	NA	0	NA	NA
86	WGN36	16.5165799999998	NA	0	NA	NA
87	WGN36	17.9738199999996	NA	0	NA	NA
88	WGN36	27.6950499999998	NA	0	NA	NA
89	WGN36	25.9829549999995	NA	0	NA	NA
90	WGN36	8.58550999999991	NA	0	NA	NA
92	WGN36	37.9512399999996	NA	0	NA	NA
93	WGN36	15.7615400000006	NA	0	NA	NA
94	WGN36	45.9795499999995	NA	0	NA	NA
95	WGN36	29.84766	NA	0	NA	NA
96	WGN36	35.9460599999997	NA	0	NA	NA
97	WGN36	17.3793399999997	NA	0	NA	NA
98	WGN36	47.3530699999994	NA	0	NA	NA
99	WGN36	8.51701999999953	NA	0	NA	NA
100	WGN36	12.2003949999999	NA	0	NA	NA
102	WGN36	12.5031699999996	NA	0	NA	NA
104	WGN36	37.1991099999996	NA	0	NA	NA
106	WGN36	19.4110299999997	NA	0	NA	NA
107	WGN36	6.33234999999972	NA	0	NA	NA
108	WGN36	8.53366999999978	NA	0	NA	NA
109	WGN36	28.68182	NA	0	NA	NA
110	WGN36	23.7995299999999	NA	0	NA	NA
112	WGN36	20.3429449999998	NA	0	NA	NA
114	WGN36	28.8357399999997	NA	0	NA	NA
116	WGN36	12.9949549999998	NA	0	NA	NA
117	WGN36	19.9668149999996	NA	0	NA	NA
118	WGN36	16.7730399999992	NA	0	NA	NA
119	WGN36	27.1814920000009	NA	0	NA	NA
120	WGN36	33.5097399999998	NA	0	NA	NA
121	WGN36	11.4738449999997	NA	0	NA	NA
122	WGN36	33.7821399999999	NA	0	NA	NA
123	WGN36	37.910905	NA	0	NA	NA
125	WGN36	35.0418359999996	NA	0	NA	NA
126	WGN36	23.69333	NA	0	NA	NA
127	WGN36	23.9809199999996	NA	0	NA	NA
128	WGN36	20.2098500000007	NA	0	NA	NA
129	WGN36	9.04194999999992	NA	0	NA	NA
1	WGN38	40.2468349999992	NA	0	NA	NA
2	WGN38	18.1958399999995	NA	0	NA	NA
4	WGN38	18.8742040000011	NA	0	NA	NA
5	WGN38	41.5708999999998	NA	0	NA	NA
6	WGN38	19.5516799999997	NA	0	NA	NA
7	WGN38	21.9355299999998	NA	0	NA	NA
8	WGN38	10.6700849999992	NA	0	NA	NA
10	WGN38	45.8029299999993	NA	0	NA	NA
11	WGN38	20.0595099999991	NA	0	NA	NA
12	WGN38	2.71782999999854	NA	0	NA	NA
13	WGN38	27.4163539999996	NA	0	NA	NA
14	WGN38	14.7636149999996	NA	0	NA	NA
16	WGN38	22.9164299999998	NA	0	NA	NA
18	WGN38	19.39066	NA	0	NA	NA
19	WGN38	14.5006509999996	NA	0	NA	NA
20	WGN38	28.0823849999996	NA	0	NA	NA
21	WGN38	3.57714799999863	NA	0	NA	NA
22	WGN38	21.0940299999997	NA	0	NA	NA
23	WGN38	16.9345050000003	NA	0	NA	NA
24	WGN38	13.5433999999994	NA	0	NA	NA
26	WGN38	31.1185549999995	NA	0	NA	NA
27	WGN38	17.4714759999996	NA	0	NA	NA
28	WGN38	56.3217149999995	NA	0	NA	NA
29	WGN38	38.2346549999996	NA	0	NA	NA
30	WGN38	13.2931599999993	NA	0	NA	NA
32	WGN38	34.9273699999996	NA	0	NA	NA
33	WGN38	46.3741149999998	NA	0	NA	NA
34	WGN38	25.9521399999992	NA	0	NA	NA
35	WGN38	28.0559799999998	NA	0	NA	NA
36	WGN38	14.5359549999997	NA	0	NA	NA
37	WGN38	19.7878149999996	NA	0	NA	NA
38	WGN38	62.166869999999	NA	0	NA	NA
39	WGN38	23.1004049999997	NA	0	NA	NA
40	WGN38	34.6691799999996	NA	0	NA	NA
41	WGN38	38.1776699999995	NA	0	NA	NA
42	WGN38	5.78372000000007	NA	0	NA	NA
45	WGN38	36.5519649999996	NA	0	NA	NA
46	WGN38	26.2408049999994	NA	0	NA	NA
47	WGN38	45.4334399999996	NA	0	NA	NA
48	WGN38	35.2084699999996	NA	0	NA	NA
49	WGN38	18.5627999999997	NA	0	NA	NA
50	WGN38	24.9164849999994	NA	0	NA	NA
51	WGN38	39.3583299999996	NA	0	NA	NA
52	WGN38	36.8877399999996	NA	0	NA	NA
53	WGN38	10.1431099999999	NA	0	NA	NA
54	WGN38	11.5490339999992	NA	0	NA	NA
55	WGN38	14.8074400000002	NA	0	NA	NA
56	WGN38	16.02638	NA	0	NA	NA
59	WGN38	45.1101799999996	NA	0	NA	NA
61	WGN38	19.3773619999998	NA	0	NA	NA
63	WGN38	38.4129309999997	NA	0	NA	NA
64	WGN38	5.09823999999938	NA	0	NA	NA
65	WGN38	44.0359749999996	NA	0	NA	NA
66	WGN38	15.6393499999991	NA	0	NA	NA
67	WGN38	64.1255399999992	NA	0	NA	NA
68	WGN38	3.53171499999954	NA	0	NA	NA
69	WGN38	9.19715000000037	NA	0	NA	NA
70	WGN38	19.1685599999996	NA	0	NA	NA
72	WGN38	41.7838799999996	NA	0	NA	NA
73	WGN38	52.3435799999996	NA	0	NA	NA
74	WGN38	38.7644999999995	NA	0	NA	NA
76	WGN38	25.9758449999997	NA	0	NA	NA
77	WGN38	42.7987799999997	NA	0	NA	NA
78	WGN38	20.4801899999995	NA	0	NA	NA
80	WGN38	25.8842399999998	NA	0	NA	NA
81	WGN38	42.8738359999996	NA	0	NA	NA
82	WGN38	58.7924799999993	NA	0	NA	NA
83	WGN38	20.1268949999996	NA	0	NA	NA
84	WGN38	47.5336799999997	NA	0	NA	NA
85	WGN38	7.3970860000005	NA	0	NA	NA
86	WGN38	38.8390299999996	NA	0	NA	NA
87	WGN38	14.6552199999998	NA	0	NA	NA
88	WGN38	20.6363599999995	NA	0	NA	NA
89	WGN38	27.1544199999996	NA	0	NA	NA
90	WGN38	66.3718599999994	NA	0	NA	NA
91	WGN38	19.474955	NA	0	NA	NA
92	WGN38	39.4503649999996	NA	0	NA	NA
93	WGN38	21.9315899999996	NA	0	NA	NA
94	WGN38	29.7783049999997	NA	0	NA	NA
95	WGN38	19.0064799999995	NA	0	NA	NA
96	WGN38	38.4285149999994	NA	0	NA	NA
97	WGN38	21.2497549999996	NA	0	NA	NA
98	WGN38	42.1893049999996	NA	0	NA	NA
99	WGN38	41.9483349999995	NA	0	NA	NA
100	WGN38	39.3491349999995	NA	0	NA	NA
101	WGN38	28.9514299999997	NA	0	NA	NA
102	WGN38	18.8901299999997	NA	0	NA	NA
103	WGN38	47.1389299999996	NA	0	NA	NA
104	WGN38	55.5082699999997	NA	0	NA	NA
106	WGN38	62.7628699999995	NA	0	NA	NA
107	WGN38	50.1292299999997	NA	0	NA	NA
108	WGN38	33.0376649999996	NA	0	NA	NA
109	WGN38	30.5078549999996	NA	0	NA	NA
110	WGN38	58.1740949999997	NA	0	NA	NA
111	WGN38	28.8165749999994	NA	0	NA	NA
113	WGN38	8.03838399999968	NA	0	NA	NA
114	WGN38	15.5555199999997	NA	0	NA	NA
115	WGN38	18.3204799999997	NA	0	NA	NA
1	WGN39	29.6173549999998	NA	0	NA	NA
2	WGN39	24.2329599999996	NA	0	NA	NA
3	WGN39	17.8277240000003	NA	0	NA	NA
4	WGN39	40.2650299999998	NA	0	NA	NA
5	WGN39	33.6826999999995	NA	0	NA	NA
6	WGN39	42.6715799999997	NA	0	NA	NA
7	WGN39	33.3220049999999	NA	0	NA	NA
8	WGN39	48.0127599999999	NA	0	NA	NA
9	WGN39	56.5134200000002	NA	0	NA	NA
10	WGN39	2.86577999999997	NA	0	NA	NA
11	WGN39	12.7453549999996	NA	0	NA	NA
12	WGN39	57.0896250000003	NA	0	NA	NA
14	WGN39	8.70127499999947	NA	0	NA	NA
15	WGN39	56.2925199999996	NA	0	NA	NA
16	WGN39	76.7965899999996	NA	0	NA	NA
17	WGN39	31.8401299999997	NA	0	NA	NA
19	WGN39	78.6519649999985	NA	0	NA	NA
20	WGN39	46.8812199999996	NA	0	NA	NA
21	WGN39	30.5043849999998	NA	0	NA	NA
22	WGN39	37.0077299999996	NA	0	NA	NA
24	WGN39	64.5645199999992	NA	0	NA	NA
25	WGN39	38.8382099999996	NA	0	NA	NA
26	WGN39	22.3500700000007	NA	0	NA	NA
27	WGN39	21.3277899999998	NA	0	NA	NA
28	WGN39	13.4312599999999	NA	0	NA	NA
29	WGN39	33.3191799999998	NA	0	NA	NA
30	WGN39	45.7544499999997	NA	0	NA	NA
31	WGN39	35.1719649999998	NA	0	NA	NA
32	WGN39	49.5528300000001	NA	0	NA	NA
34	WGN39	52.9319799999996	NA	0	NA	NA
35	WGN39	30.8195849999998	NA	0	NA	NA
36	WGN39	42.6934199999998	NA	0	NA	NA
37	WGN39	37.1525399999997	NA	0	NA	NA
39	WGN39	57.9337399999999	NA	0	NA	NA
40	WGN39	58.2775549999999	NA	0	NA	NA
41	WGN39	40.0739799999998	NA	0	NA	NA
42	WGN39	34.8464199999998	NA	0	NA	NA
44	WGN39	38.0188199999997	NA	0	NA	NA
45	WGN39	50.4870799999996	NA	0	NA	NA
46	WGN39	53.2917399999995	NA	0	NA	NA
47	WGN39	34.2229399999998	NA	0	NA	NA
48	WGN39	6.47381999999999	NA	0	NA	NA
49	WGN39	35.0526549999998	NA	0	NA	NA
50	WGN39	13.6230999999996	NA	0	NA	NA
51	WGN39	30.7950199999998	NA	0	NA	NA
52	WGN39	22.1408699999998	NA	0	NA	NA
53	WGN39	36.9721299999997	NA	0	NA	NA
54	WGN39	63.5727799999996	NA	0	NA	NA
55	WGN39	41.5036049999999	NA	0	NA	NA
56	WGN39	72.49644	NA	0	NA	NA
57	WGN39	55.8522099999998	NA	0	NA	NA
58	WGN39	52.0489299999999	NA	0	NA	NA
59	WGN39	39.5834249999998	NA	0	NA	NA
60	WGN39	30.7569349999998	NA	0	NA	NA
61	WGN39	41.6025799999998	NA	0	NA	NA
62	WGN39	16.1249399999998	NA	0	NA	NA
63	WGN39	31.7331399999998	NA	0	NA	NA
64	WGN39	27.9960299999997	NA	0	NA	NA
65	WGN39	34.2372999999998	NA	0	NA	NA
66	WGN39	43.9698199999997	NA	0	NA	NA
67	WGN39	50.2577200000001	NA	0	NA	NA
68	WGN39	30.2637899999998	NA	0	NA	NA
69	WGN39	36.3739199999998	NA	0	NA	NA
70	WGN39	27.4561399999998	NA	0	NA	NA
71	WGN39	31.6596999999998	NA	0	NA	NA
72	WGN39	40.6267799999998	NA	0	NA	NA
73	WGN39	38.8456599999996	NA	0	NA	NA
74	WGN39	21.4621399999997	NA	0	NA	NA
75	WGN39	51.0727149999995	NA	0	NA	NA
76	WGN39	66.1155199999993	NA	0	NA	NA
77	WGN39	10.45427	NA	0	NA	NA
78	WGN39	45.2051949999999	NA	0	NA	NA
79	WGN39	71.6130199999999	NA	0	NA	NA
80	WGN39	17.9997919999998	NA	0	NA	NA
81	WGN39	17.0156919999998	NA	0	NA	NA
82	WGN39	20.1416549999998	NA	0	NA	NA
83	WGN39	33.6469099999997	NA	0	NA	NA
84	WGN39	22.7550549999998	NA	0	NA	NA
85	WGN39	30.6994999999997	NA	0	NA	NA
86	WGN39	44.6101999999997	NA	0	NA	NA
87	WGN39	48.7931799999996	NA	0	NA	NA
88	WGN39	10.4581199999999	NA	0	NA	NA
89	WGN39	31.4219799999998	NA	0	NA	NA
90	WGN39	56.13693	NA	0	NA	NA
91	WGN39	3.20988799999972	NA	0	NA	NA
92	WGN39	22.0245239999999	NA	0	NA	NA
93	WGN39	16.3842499999998	NA	0	NA	NA
94	WGN39	5.86117999999949	NA	0	NA	NA
95	WGN39	66.74606	NA	0	NA	NA
96	WGN39	37.3035799999999	NA	0	NA	NA
97	WGN39	35.3549599999998	NA	0	NA	NA
98	WGN39	59.4425799999994	NA	0	NA	NA
99	WGN39	10.9187199999995	NA	0	NA	NA
100	WGN39	36.5465299999998	NA	0	NA	NA
101	WGN39	43.5581199999997	NA	0	NA	NA
102	WGN39	21.2869799999998	NA	0	NA	NA
104	WGN39	51.1751599999998	NA	0	NA	NA
105	WGN39	24.4048099999998	NA	0	NA	NA
106	WGN39	61.4497899999995	NA	0	NA	NA
107	WGN39	18.0587649999998	NA	0	NA	NA
108	WGN39	30.5224449999998	NA	0	NA	NA
109	WGN39	42.5296149999998	NA	0	NA	NA
110	WGN39	30.6484599999998	NA	0	NA	NA
111	WGN39	19.5538399999999	NA	0	NA	NA
112	WGN39	21.3515549999998	NA	0	NA	NA
113	WGN39	49.4335899999998	NA	0	NA	NA
114	WGN39	32.9840599999998	NA	0	NA	NA
115	WGN39	78.6932249999995	NA	0	NA	NA
116	WGN39	25.9013799999998	NA	0	NA	NA
117	WGN39	37.7296049999997	NA	0	NA	NA
120	WGN39	31.210205	NA	0	NA	NA
121	WGN39	29.5268799999998	NA	0	NA	NA
122	WGN39	55.1274600000001	NA	0	NA	NA
123	WGN39	31.8712099999999	NA	0	NA	NA
124	WGN39	34.4671299999997	NA	0	NA	NA
125	WGN39	41.1040299999999	NA	0	NA	NA
126	WGN39	6.18202499999973	NA	0	NA	NA
127	WGN39	31.2930399999998	NA	0	NA	NA
128	WGN39	62.3111549999998	NA	0	NA	NA
129	WGN39	46.5078149999998	NA	0	NA	NA
130	WGN39	33.9694799999998	NA	0	NA	NA
1	WGN45	24.6843199999995	NA	0	NA	NA
2	WGN45	34.5114099999994	NA	0	NA	NA
3	WGN45	2.24345999999936	NA	0	NA	NA
4	WGN45	20.2621649999996	NA	0	NA	NA
5	WGN45	34.0897199999997	NA	0	NA	NA
6	WGN45	39.1448549999991	NA	0	NA	NA
7	WGN45	28.9291199999996	NA	0	NA	NA
8	WGN45	26.5795499999995	NA	0	NA	NA
9	WGN45	26.0259299999997	NA	0	NA	NA
10	WGN45	17.29094	NA	0	NA	NA
11	WGN45	32.1388849999996	NA	0	NA	NA
12	WGN45	51.9489299999997	NA	0	NA	NA
13	WGN45	50.1573399999999	NA	0	NA	NA
14	WGN45	25.5388099999996	NA	0	NA	NA
15	WGN45	6.55165500000032	NA	0	NA	NA
16	WGN45	27.0034399999999	NA	0	NA	NA
17	WGN45	16.5800249999998	NA	0	NA	NA
18	WGN45	10.6046999999994	NA	0	NA	NA
19	WGN45	11.2923499999998	NA	0	NA	NA
20	WGN45	47.3510799999997	NA	0	NA	NA
22	WGN45	19.3134649999995	NA	0	NA	NA
23	WGN45	21.6412799999994	NA	0	NA	NA
24	WGN45	11.1303049999995	NA	0	NA	NA
25	WGN45	12.5120349999994	NA	0	NA	NA
26	WGN45	8.56397999999959	NA	0	NA	NA
28	WGN45	18.6449499999996	NA	0	NA	NA
31	WGN45	33.2653399999998	NA	0	NA	NA
32	WGN45	15.9449499999999	NA	0	NA	NA
33	WGN45	2.57433999999983	NA	0	NA	NA
34	WGN45	26.4371799999999	NA	0	NA	NA
35	WGN45	33.2495499999993	NA	0	NA	NA
36	WGN45	11.0315199999995	NA	0	NA	NA
37	WGN45	37.3952049999999	NA	0	NA	NA
38	WGN45	7.72533999999951	NA	0	NA	NA
40	WGN45	22.4733299999993	NA	0	NA	NA
41	WGN45	27.3322699999996	NA	0	NA	NA
42	WGN45	22.1912699999997	NA	0	NA	NA
43	WGN45	13.2139519999997	NA	0	NA	NA
44	WGN45	35.4789549999996	NA	0	NA	NA
45	WGN45	21.5111499999999	NA	0	NA	NA
46	WGN45	17.3411379999997	NA	0	NA	NA
47	WGN45	2.56295000000057	NA	0	NA	NA
48	WGN45	8.5245799999998	NA	0	NA	NA
49	WGN45	8.7730499999997	NA	0	NA	NA
50	WGN45	9.03777999999973	NA	0	NA	NA
52	WGN45	19.5209799999996	NA	0	NA	NA
53	WGN45	49.6115649999997	NA	0	NA	NA
54	WGN45	6.79189999999957	NA	0	NA	NA
55	WGN45	16.9384799999996	NA	0	NA	NA
56	WGN45	48.5791499999995	NA	0	NA	NA
57	WGN45	11.3657249999994	NA	0	NA	NA
58	WGN45	17.1407199999997	NA	0	NA	NA
59	WGN45	27.9278409999996	NA	0	NA	NA
60	WGN45	10.2672799999997	NA	0	NA	NA
61	WGN45	44.3357699999997	NA	0	NA	NA
62	WGN45	27.9671549999996	NA	0	NA	NA
64	WGN45	21.3075999999996	NA	0	NA	NA
65	WGN45	24.7016299999997	NA	0	NA	NA
66	WGN45	25.2807199999996	NA	0	NA	NA
68	WGN45	35.6571049999995	NA	0	NA	NA
69	WGN45	42.2800299999998	NA	0	NA	NA
70	WGN45	25.1740199999996	NA	0	NA	NA
71	WGN45	23.8140799999996	NA	0	NA	NA
72	WGN45	34.4404299999996	NA	0	NA	NA
73	WGN45	11.1045249999995	NA	0	NA	NA
74	WGN45	31.6635799999997	NA	0	NA	NA
75	WGN45	30.5233599999995	NA	0	NA	NA
76	WGN45	32.9698699999997	NA	0	NA	NA
77	WGN45	3.74248999999972	NA	0	NA	NA
78	WGN45	8.34354999999948	NA	0	NA	NA
80	WGN45	31.6819549999998	NA	0	NA	NA
81	WGN45	13.7794299999996	NA	0	NA	NA
82	WGN45	15.9929699999995	NA	0	NA	NA
84	WGN45	29.6768949999996	NA	0	NA	NA
85	WGN45	17.5651799999996	NA	0	NA	NA
86	WGN45	43.4590549999996	NA	0	NA	NA
87	WGN45	3.64602999999955	NA	0	NA	NA
88	WGN45	22.2407399999995	NA	0	NA	NA
89	WGN45	19.9048799999996	NA	0	NA	NA
90	WGN45	31.4661799999996	NA	0	NA	NA
92	WGN45	31.4646549999996	NA	0	NA	NA
93	WGN45	17.9880079999995	NA	0	NA	NA
94	WGN45	18.9393879999994	NA	0	NA	NA
95	WGN45	25.8910399999995	NA	0	NA	NA
96	WGN45	6.14124999999957	NA	0	NA	NA
98	WGN45	26.4723549999996	NA	0	NA	NA
100	WGN45	28.3847799999996	NA	0	NA	NA
101	WGN45	13.0997799999996	NA	0	NA	NA
102	WGN45	41.1154499999995	NA	0	NA	NA
104	WGN45	19.3598199999996	NA	0	NA	NA
105	WGN45	21.1353199999996	NA	0	NA	NA
107	WGN45	22.5176099999996	NA	0	NA	NA
108	WGN45	51.2146399999996	NA	0	NA	NA
109	WGN45	47.0603099999996	NA	0	NA	NA
110	WGN45	48.9196199999997	NA	0	NA	NA
111	WGN45	30.0706049999995	NA	0	NA	NA
112	WGN45	6.45107999999967	NA	0	NA	NA
113	WGN45	3.47352999999965	NA	0	NA	NA
114	WGN45	34.8272099999996	NA	0	NA	NA
115	WGN45	4.1363799999996	NA	0	NA	NA
116	WGN45	50.5744999999996	NA	0	NA	NA
117	WGN45	7.14805999999957	NA	0	NA	NA
118	WGN45	24.5430400000004	NA	0	NA	NA
119	WGN45	30.4819999999996	NA	0	NA	NA
120	WGN45	32.5518799999995	NA	0	NA	NA
121	WGN45	12.0927479999996	NA	0	NA	NA
122	WGN45	59.3830409999997	NA	0	NA	NA
123	WGN45	25.4195049999995	NA	0	NA	NA
124	WGN45	46.9292699999996	NA	0	NA	NA
126	WGN45	18.2798599999995	NA	0	NA	NA
127	WGN45	17.4218399999995	NA	0	NA	NA
128	WGN45	15.4855499999995	NA	0	NA	NA
129	WGN45	10.6356099999995	NA	0	NA	NA
130	WGN45	5.15185000000037	NA	0	NA	NA
1	WGN46	23.1446949999996	NA	0	NA	NA
2	WGN46	25.6143999999998	NA	0	NA	NA
3	WGN46	37.244699999999	NA	0	NA	NA
4	WGN46	16.6079500000001	NA	0	NA	NA
6	WGN46	14.8461600000007	NA	0	NA	NA
7	WGN46	19.2502299999995	NA	0	NA	NA
8	WGN46	30.1658549999998	NA	0	NA	NA
9	WGN46	31.8253099999995	NA	0	NA	NA
10	WGN46	12.4353249999997	NA	0	NA	NA
11	WGN46	31.0666799999997	NA	0	NA	NA
12	WGN46	9.33973999999947	NA	0	NA	NA
13	WGN46	38.7342599999996	NA	0	NA	NA
14	WGN46	9.82002999999973	NA	0	NA	NA
15	WGN46	19.6114999999995	NA	0	NA	NA
16	WGN46	49.7666499999998	NA	0	NA	NA
17	WGN46	43.7765149999992	NA	0	NA	NA
18	WGN46	37.0293799999996	NA	0	NA	NA
19	WGN46	27.7834579999996	NA	0	NA	NA
21	WGN46	46.7030299999997	NA	0	NA	NA
22	WGN46	43.0564449999994	NA	0	NA	NA
23	WGN46	21.0551349999993	NA	0	NA	NA
24	WGN46	27.8900199999995	NA	0	NA	NA
25	WGN46	61.8403999999997	NA	0	NA	NA
26	WGN46	25.7046049999996	NA	0	NA	NA
27	WGN46	28.6355400000007	NA	0	NA	NA
28	WGN46	18.2321749999998	NA	0	NA	NA
29	WGN46	37.8325949999996	NA	0	NA	NA
30	WGN46	33.7677559999996	NA	0	NA	NA
31	WGN46	42.3536799999998	NA	0	NA	NA
32	WGN46	49.8967000000003	NA	0	NA	NA
33	WGN46	21.4147599999993	NA	0	NA	NA
34	WGN46	50.8604699999997	NA	0	NA	NA
36	WGN46	27.5973099999995	NA	0	NA	NA
37	WGN46	51.8566599999998	NA	0	NA	NA
38	WGN46	26.3661499999996	NA	0	NA	NA
39	WGN46	6.99139999999929	NA	0	NA	NA
40	WGN46	26.2436699999994	NA	0	NA	NA
41	WGN46	28.7286679999996	NA	0	NA	NA
42	WGN46	17.1443599999997	NA	0	NA	NA
43	WGN46	30.9115799999996	NA	0	NA	NA
44	WGN46	26.3312299999995	NA	0	NA	NA
45	WGN46	15.5503299999997	NA	0	NA	NA
46	WGN46	62.5867299999993	NA	0	NA	NA
47	WGN46	20.4617349999996	NA	0	NA	NA
48	WGN46	30.5020149999995	NA	0	NA	NA
49	WGN46	53.4157549999996	NA	0	NA	NA
50	WGN46	32.0610199999995	NA	0	NA	NA
52	WGN46	19.6217399999995	NA	0	NA	NA
53	WGN46	38.1070519999997	NA	0	NA	NA
54	WGN46	29.6312999999997	NA	0	NA	NA
55	WGN46	51.4286600000002	NA	0	NA	NA
56	WGN46	42.2294149999998	NA	0	NA	NA
57	WGN46	14.3275729999995	NA	0	NA	NA
58	WGN46	25.0271939999996	NA	0	NA	NA
59	WGN46	38.4899299999997	NA	0	NA	NA
60	WGN46	22.9319959999996	NA	0	NA	NA
61	WGN46	82.1323799999996	NA	0	NA	NA
62	WGN46	40.4394199999996	NA	0	NA	NA
63	WGN46	32.7806449999996	NA	0	NA	NA
64	WGN46	25.2302799999996	NA	0	NA	NA
65	WGN46	27.8585749999997	NA	0	NA	NA
66	WGN46	32.6937149999996	NA	0	NA	NA
67	WGN46	47.0120549999996	NA	0	NA	NA
68	WGN46	30.3785999999997	NA	0	NA	NA
69	WGN46	25.8072349999996	NA	0	NA	NA
70	WGN46	43.6296099999997	NA	0	NA	NA
71	WGN46	45.5963999999997	NA	0	NA	NA
72	WGN46	18.1984139999996	NA	0	NA	NA
73	WGN46	45.4111299999995	NA	0	NA	NA
74	WGN46	48.4034899999996	NA	0	NA	NA
75	WGN46	17.6172899999996	NA	0	NA	NA
76	WGN46	50.4027499999996	NA	0	NA	NA
78	WGN46	22.9556049999996	NA	0	NA	NA
79	WGN46	29.4388299999997	NA	0	NA	NA
80	WGN46	38.2136399999996	NA	0	NA	NA
81	WGN46	64.1983399999995	NA	0	NA	NA
83	WGN46	24.7767059999996	NA	0	NA	NA
84	WGN46	24.8821719999996	NA	0	NA	NA
85	WGN46	52.5877449999996	NA	0	NA	NA
86	WGN46	24.5370849999996	NA	0	NA	NA
87	WGN46	36.0359299999997	NA	0	NA	NA
88	WGN46	18.9534099999996	NA	0	NA	NA
89	WGN46	41.0041449999997	NA	0	NA	NA
90	WGN46	34.0549399999996	NA	0	NA	NA
91	WGN46	50.0952599999995	NA	0	NA	NA
92	WGN46	7.55447999999964	NA	0	NA	NA
93	WGN46	16.0065499999996	NA	0	NA	NA
94	WGN46	56.1210319999997	NA	0	NA	NA
95	WGN46	30.6665699999996	NA	0	NA	NA
96	WGN46	55.0693399999996	NA	0	NA	NA
98	WGN46	39.8132599999997	NA	0	NA	NA
100	WGN46	29.1163099999998	NA	0	NA	NA
101	WGN46	27.9712649999996	NA	0	NA	NA
102	WGN46	33.6277299999997	NA	0	NA	NA
103	WGN46	33.3649799999996	NA	0	NA	NA
104	WGN46	37.4789199999996	NA	0	NA	NA
106	WGN46	45.7065699999996	NA	0	NA	NA
107	WGN46	25.0565199999997	NA	0	NA	NA
108	WGN46	37.5160199999996	NA	0	NA	NA
109	WGN46	40.7950549999996	NA	0	NA	NA
110	WGN46	23.5647899999997	NA	0	NA	NA
111	WGN46	34.1183899999997	NA	0	NA	NA
112	WGN46	44.5856599999997	NA	0	NA	NA
113	WGN46	55.9180699999994	NA	0	NA	NA
114	WGN46	12.1857199999997	NA	0	NA	NA
115	WGN46	29.1471399999996	NA	0	NA	NA
116	WGN46	30.6844199999995	NA	0	NA	NA
117	WGN46	22.8971399999996	NA	0	NA	NA
118	WGN46	41.9315499999997	NA	0	NA	NA
119	WGN46	37.5967099999995	NA	0	NA	NA
120	WGN46	26.5574999999995	NA	0	NA	NA
121	WGN46	13.7648799999996	NA	0	NA	NA
122	WGN46	26.1749699999996	NA	0	NA	NA
123	WGN46	41.9734499999997	NA	0	NA	NA
124	WGN46	14.5837799999996	NA	0	NA	NA
125	WGN46	43.4075449999996	NA	0	NA	NA
126	WGN46	36.5386249999997	NA	0	NA	NA
127	WGN46	30.5155999999996	NA	0	NA	NA
128	WGN46	35.5472799999996	NA	0	NA	NA
129	WGN46	51.1134299999996	NA	0	NA	NA
130	WGN46	16.3935799999996	NA	0	NA	NA
1	WGN55	53.3771299999991	NA	0	NA	NA
2	WGN55	38.5603049999987	NA	0	NA	NA
3	WGN55	55.2171599999988	NA	0	NA	NA
4	WGN55	43.8824099999992	NA	0	NA	NA
5	WGN55	33.1764919999994	NA	0	NA	NA
6	WGN55	22.9507799999991	NA	0	NA	NA
7	WGN55	38.2855449999992	NA	0	NA	NA
8	WGN55	48.0231679999992	NA	0	NA	NA
9	WGN55	47.7584549999994	NA	0	NA	NA
10	WGN55	47.843819999999	NA	0	NA	NA
11	WGN55	28.888699999999	NA	0	NA	NA
12	WGN55	25.0046199999993	NA	0	NA	NA
13	WGN55	48.3480999999992	NA	0	NA	NA
15	WGN55	59.8660699999994	NA	0	NA	NA
16	WGN55	79.5803049999993	NA	0	NA	NA
17	WGN55	51.7287399999991	NA	0	NA	NA
18	WGN55	36.8260249999995	NA	0	NA	NA
19	WGN55	46.4046599999991	NA	0	NA	NA
20	WGN55	48.4329959999992	NA	0	NA	NA
21	WGN55	29.7647799999991	NA	0	NA	NA
22	WGN55	52.5221999999991	NA	0	NA	NA
23	WGN55	52.2438099999991	NA	0	NA	NA
24	WGN55	33.1573299999991	NA	0	NA	NA
25	WGN55	19.7537549999996	NA	0	NA	NA
26	WGN55	50.5164899999993	NA	0	NA	NA
27	WGN55	46.9547549999988	NA	0	NA	NA
28	WGN55	24.07371	NA	0	NA	NA
29	WGN55	30.9679799999992	NA	0	NA	NA
30	WGN55	28.7276249999993	NA	0	NA	NA
31	WGN55	40.5782839999992	NA	0	NA	NA
32	WGN55	34.0492999999996	NA	0	NA	NA
33	WGN55	30.2620399999991	NA	0	NA	NA
35	WGN55	56.8153059999992	NA	0	NA	NA
36	WGN55	36.3733549999993	NA	0	NA	NA
37	WGN55	34.9281999999993	NA	0	NA	NA
38	WGN55	16.0905999999996	NA	0	NA	NA
40	WGN55	22.9672699999988	NA	0	NA	NA
41	WGN55	55.0992549999993	NA	0	NA	NA
42	WGN55	32.1472299999991	NA	0	NA	NA
43	WGN55	27.6720799999991	NA	0	NA	NA
44	WGN55	37.4181249999993	NA	0	NA	NA
45	WGN55	39.383514999999	NA	0	NA	NA
46	WGN55	0.899320000000244	NA	0	NA	NA
47	WGN55	43.0272399999991	NA	0	NA	NA
48	WGN55	29.9873549999993	NA	0	NA	NA
49	WGN55	26.1976299999994	NA	0	NA	NA
50	WGN55	33.3734399999992	NA	0	NA	NA
52	WGN55	61.6890599999989	NA	0	NA	NA
53	WGN55	35.2222499999992	NA	0	NA	NA
54	WGN55	50.4719949999991	NA	0	NA	NA
55	WGN55	55.7143799999992	NA	0	NA	NA
56	WGN55	44.5699799999992	NA	0	NA	NA
57	WGN55	3.41057499999936	NA	0	NA	NA
58	WGN55	46.7768999999993	NA	0	NA	NA
59	WGN55	35.9073149999992	NA	0	NA	NA
60	WGN55	26.2176699999991	NA	0	NA	NA
61	WGN55	20.329999999999	NA	0	NA	NA
62	WGN55	48.3491959999991	NA	0	NA	NA
63	WGN55	39.182779999999	NA	0	NA	NA
64	WGN55	16.4028049999994	NA	0	NA	NA
65	WGN55	40.9977799999991	NA	0	NA	NA
66	WGN55	27.1758999999988	NA	0	NA	NA
67	WGN55	18.8649499999998	NA	0	NA	NA
68	WGN55	15.6177399999995	NA	0	NA	NA
69	WGN55	10.205164999999	NA	0	NA	NA
70	WGN55	42.944149999999	NA	0	NA	NA
71	WGN55	17.741399999999	NA	0	NA	NA
72	WGN55	50.3746099999991	NA	0	NA	NA
73	WGN55	27.1489399999995	NA	0	NA	NA
74	WGN55	35.0243699999991	NA	0	NA	NA
75	WGN55	39.3602999999991	NA	0	NA	NA
76	WGN55	43.9144199999991	NA	0	NA	NA
78	WGN55	18.4838399999994	NA	0	NA	NA
80	WGN55	44.6054999999992	NA	0	NA	NA
81	WGN55	29.9565399999991	NA	0	NA	NA
82	WGN55	57.2193599999992	NA	0	NA	NA
83	WGN55	61.6170599999991	NA	0	NA	NA
84	WGN55	30.395479999999	NA	0	NA	NA
85	WGN55	37.9624999999991	NA	0	NA	NA
86	WGN55	37.2841799999991	NA	0	NA	NA
87	WGN55	43.4130299999992	NA	0	NA	NA
88	WGN55	37.8256449999991	NA	0	NA	NA
89	WGN55	53.1927999999992	NA	0	NA	NA
90	WGN55	19.0067279999993	NA	0	NA	NA
91	WGN55	52.6368959999991	NA	0	NA	NA
92	WGN55	53.7695799999991	NA	0	NA	NA
93	WGN55	20.9942899999991	NA	0	NA	NA
94	WGN55	54.9423749999991	NA	0	NA	NA
95	WGN55	43.9774699999991	NA	0	NA	NA
96	WGN55	19.5265299999992	NA	0	NA	NA
97	WGN55	42.3585079999991	NA	0	NA	NA
98	WGN55	44.8537549999991	NA	0	NA	NA
99	WGN55	52.3887049999991	NA	0	NA	NA
100	WGN55	28.9977399999991	NA	0	NA	NA
101	WGN55	60.5147999999991	NA	0	NA	NA
102	WGN55	23.5841719999991	NA	0	NA	NA
103	WGN55	28.3947799999992	NA	0	NA	NA
105	WGN55	37.6176799999991	NA	0	NA	NA
106	WGN55	28.8622799999992	NA	0	NA	NA
107	WGN55	47.5317399999991	NA	0	NA	NA
108	WGN55	75.0029199999992	NA	0	NA	NA
109	WGN55	40.8417399999991	NA	0	NA	NA
110	WGN55	57.0643849999991	NA	0	NA	NA
111	WGN55	30.0017099999991	NA	0	NA	NA
112	WGN55	37.6171799999991	NA	0	NA	NA
113	WGN55	29.1602399999991	NA	0	NA	NA
114	WGN55	32.1755899999992	NA	0	NA	NA
115	WGN55	43.1869199999991	NA	0	NA	NA
116	WGN55	31.2583049999992	NA	0	NA	NA
117	WGN55	16.1404099999991	NA	0	NA	NA
118	WGN55	15.5779499999991	NA	0	NA	NA
119	WGN55	72.0757799999991	NA	0	NA	NA
120	WGN55	51.0779049999999	NA	0	NA	NA
121	WGN55	40.5587999999991	NA	0	NA	NA
122	WGN55	48.0396349999991	NA	0	NA	NA
123	WGN55	43.2525239999991	NA	0	NA	NA
124	WGN55	63.7344999999991	NA	0	NA	NA
125	WGN55	25.0709799999991	NA	0	NA	NA
126	WGN55	39.1825139999991	NA	0	NA	NA
128	WGN55	38.0912799999991	NA	0	NA	NA
129	WGN55	10.1356849999991	NA	0	NA	NA
130	WGN55	2.72781999999913	NA	0	NA	NA
1	WGN63	57.20051	NA	0	NA	NA
2	WGN63	31.9490750000009	NA	0	NA	NA
3	WGN63	38.4116249999999	NA	0	NA	NA
4	WGN63	47.3896150000001	NA	0	NA	NA
5	WGN63	40.9110200000002	NA	0	NA	NA
6	WGN63	35.8409400000002	NA	0	NA	NA
8	WGN63	45.0372349999998	NA	0	NA	NA
9	WGN63	35.0229849999997	NA	0	NA	NA
10	WGN63	33.0232149999999	NA	0	NA	NA
12	WGN63	32.6097950000001	NA	0	NA	NA
13	WGN63	56.9937599999997	NA	0	NA	NA
16	WGN63	23.1174200000001	NA	0	NA	NA
17	WGN63	34.4480749999997	NA	0	NA	NA
18	WGN63	44.6957799999998	NA	0	NA	NA
19	WGN63	29.8834149999998	NA	0	NA	NA
20	WGN63	50.2821599999998	NA	0	NA	NA
21	WGN63	33.3067899999999	NA	0	NA	NA
22	WGN63	36.7984999999998	NA	0	NA	NA
24	WGN63	46.6593999999998	NA	0	NA	NA
25	WGN63	12.0132149999997	NA	0	NA	NA
26	WGN63	43.6064499999998	NA	0	NA	NA
27	WGN63	57.4903259999998	NA	0	NA	NA
28	WGN63	56.02726	NA	0	NA	NA
29	WGN63	40.0281399999998	NA	0	NA	NA
30	WGN63	48.1506549999999	NA	0	NA	NA
31	WGN63	22.8925299999995	NA	0	NA	NA
32	WGN63	29.0996049999998	NA	0	NA	NA
33	WGN63	34.9394799999999	NA	0	NA	NA
34	WGN63	51.1338349999996	NA	0	NA	NA
35	WGN63	33.0213049999996	NA	0	NA	NA
36	WGN63	37.86021	NA	0	NA	NA
37	WGN63	30.7522249999999	NA	0	NA	NA
38	WGN63	15.1297150000008	NA	0	NA	NA
40	WGN63	12.6054399999998	NA	0	NA	NA
41	WGN63	30.5649349999999	NA	0	NA	NA
42	WGN63	48.7944549999999	NA	0	NA	NA
43	WGN63	31.56574	NA	0	NA	NA
44	WGN63	41.1318999999999	NA	0	NA	NA
45	WGN63	53.47773	NA	0	NA	NA
46	WGN63	43.9767599999999	NA	0	NA	NA
47	WGN63	31.33653	NA	0	NA	NA
49	WGN63	46.4055999999999	NA	0	NA	NA
50	WGN63	35.4841999999999	NA	0	NA	NA
51	WGN63	28.1771199999998	NA	0	NA	NA
52	WGN63	26.4488100000001	NA	0	NA	NA
53	WGN63	52.6427349999999	NA	0	NA	NA
54	WGN63	27.0548499999997	NA	0	NA	NA
55	WGN63	44.6101999999997	NA	0	NA	NA
56	WGN63	29.81126	NA	0	NA	NA
57	WGN63	41.5979549999998	NA	0	NA	NA
59	WGN63	19.90948	NA	0	NA	NA
60	WGN63	29.93278	NA	0	NA	NA
61	WGN63	30.2047299999997	NA	0	NA	NA
62	WGN63	39.1571799999999	NA	0	NA	NA
63	WGN63	32.8361399999999	NA	0	NA	NA
64	WGN63	26.7507799999997	NA	0	NA	NA
65	WGN63	43.8326199999998	NA	0	NA	NA
66	WGN63	24.7557799999998	NA	0	NA	NA
67	WGN63	20.8263199999997	NA	0	NA	NA
68	WGN63	49.4220599999998	NA	0	NA	NA
69	WGN63	5.39903999999974	NA	0	NA	NA
70	WGN63	28.1456799999999	NA	0	NA	NA
73	WGN63	41.8223499999996	NA	0	NA	NA
74	WGN63	16.27542	NA	0	NA	NA
75	WGN63	31.7968600000001	NA	0	NA	NA
76	WGN63	24.8587699999998	NA	0	NA	NA
77	WGN63	28.29429	NA	0	NA	NA
78	WGN63	35.5818799999997	NA	0	NA	NA
79	WGN63	27.5558399999999	NA	0	NA	NA
80	WGN63	40.6081999999999	NA	0	NA	NA
81	WGN63	22.4828799999998	NA	0	NA	NA
82	WGN63	41.5962499999999	NA	0	NA	NA
83	WGN63	31.8792649999997	NA	0	NA	NA
84	WGN63	26.1643299999998	NA	0	NA	NA
85	WGN63	25.95331	NA	0	NA	NA
86	WGN63	25.8307899999999	NA	0	NA	NA
87	WGN63	29.9032099999997	NA	0	NA	NA
88	WGN63	42.7950599999997	NA	0	NA	NA
89	WGN63	18.9902699999999	NA	0	NA	NA
90	WGN63	25.0562800000008	NA	0	NA	NA
91	WGN63	41.9087549999999	NA	0	NA	NA
92	WGN63	15.87319	NA	0	NA	NA
93	WGN63	27.8631599999999	NA	0	NA	NA
94	WGN63	40.9143799999999	NA	0	NA	NA
95	WGN63	26.9629599999999	NA	0	NA	NA
96	WGN63	48.3051999999998	NA	0	NA	NA
97	WGN63	17.9096299999999	NA	0	NA	NA
98	WGN63	21.3178199999999	NA	0	NA	NA
99	WGN63	40.5201399999998	NA	0	NA	NA
100	WGN63	30.6118399999998	NA	0	NA	NA
101	WGN63	50.9063159999999	NA	0	NA	NA
102	WGN63	49.2129399999998	NA	0	NA	NA
103	WGN63	24.9726599999998	NA	0	NA	NA
105	WGN63	43.4220399999999	NA	0	NA	NA
106	WGN63	32.2642399999999	NA	0	NA	NA
107	WGN63	25.4538199999999	NA	0	NA	NA
109	WGN63	17.47973	NA	0	NA	NA
110	WGN63	14.5778400000008	NA	0	NA	NA
111	WGN63	11.8545349999999	NA	0	NA	NA
112	WGN63	25.3351449999998	NA	0	NA	NA
114	WGN63	45.5837799999999	NA	0	NA	NA
115	WGN63	25.4511549999998	NA	0	NA	NA
116	WGN63	34.1052299999999	NA	0	NA	NA
117	WGN63	24.7496949999999	NA	0	NA	NA
118	WGN63	15.5069699999999	NA	0	NA	NA
119	WGN63	52.0643599999999	NA	0	NA	NA
121	WGN63	47.5373049999999	NA	0	NA	NA
122	WGN63	52.1633249999999	NA	0	NA	NA
123	WGN63	37.0002999999999	NA	0	NA	NA
124	WGN63	41.7407349999999	NA	0	NA	NA
126	WGN63	43.0526249999999	NA	0	NA	NA
127	WGN63	37.8856899999999	NA	0	NA	NA
128	WGN63	29.6929599999999	NA	0	NA	NA
129	WGN63	37.4543799999999	NA	0	NA	NA
130	WGN63	38.3197599999999	NA	0	NA	NA
